----------------------
ELASTIC
Surge
1.371541e-4 / mass ratio
----------------------
0.001 9.640861795358226e-22
0.0010280732238308647 9.641731114374835e-22
0.0010569345535579883 9.643198331225755e-22
0.001086606113854597 9.64735775434485e-22
0.0011171106505048242 9.65075704319755e-22
0.001148471547840289 9.655141937596035e-22
0.0011807128466661903 9.660239522352078e-22
0.0012138592626906278 9.666193773049795e-22
0.0012479362054713115 9.669630738599068e-22
0.0012829697978941476 9.677546795434968e-22
0.0013189868961986705 9.686405099876229e-22
0.0013560151105656334 9.69649322764744e-22
0.0013940828262825786 9.707590295009455e-22
0.0014332192255035738 9.720056166842787e-22
0.0014734543096198358 9.733882961839655e-22
0.0015148189222583457 9.747788549260813e-22
0.0015573447729261352 9.764562332504045e-22
0.0016010644613183177 9.78306170507724e-22
0.0016460115023085497 9.80364133880347e-22
0.0016922203516410374 9.825423804136567e-22
0.0017397264323438008 9.849408563497521e-22
0.0017885661618834618 9.875171239795693e-22
0.0018387769800823268 9.903246429869234e-22
0.0018903973778192215 9.930376795125999e-22
0.0019434669265360202 9.9631711228412e-22
0.0019980263085725507 9.998663196961454e-22
0.002054117348353064 1.0035491154015953e-21
0.0021117830444482445 1.0076130648513886e-21
0.002171067602537265 1.0120814602828474e-21
0.0022320164692952345 1.0167870083170508e-21
0.002294676367231936 1.0218352438403664e-21
0.0023590953305086364 1.0272227424759582e-21
0.002425322741760353 1.032957423715066e-21
0.0024934093699518806 1.039054726370972e-21
0.002563407409296515 1.0454360635238924e-21
0.002635370519267393 1.0522839833747862e-21
0.0027093538657320514 1.0596262101945008e-21
0.002785414163241769 1.067415323649935e-21
0.002863609718508116 1.0756872807833855e-21
0.0029440004751000335 1.0844189678569577e-21
0.003026648059395692 1.0936331307852943e-21
0.0031116158278243597 1.1034015084221692e-21
0.0031989689154345376 1.1136958136723704e-21
0.00328877428582551 1.124536999936065e-21
0.0033811007824806854 1.1359980278852721e-21
0.0034760191815419775 1.1480878780035353e-21
0.0035736022460657883 1.1608147043182753e-21
0.0036739247818020743 1.1741731594676712e-21
0.0037770636945393685 1.188239630677633e-21
0.003883098049059605 1.203090245162355e-21
0.003992109129748053 1.218602004084201e-21
0.004104180502904709 1.2349501097584136e-21
0.004219398080805024 1.252043768119609e-21
0.004337850187558989 1.2699203757025377e-21
0.004459627626819096 1.2886265276245463e-21
0.004584823751389096 1.3082126994126633e-21
0.004713534534786907 1.3287106801006417e-21
0.004845858644816496 1.3501282417221907e-21
0.004981897519205165 1.3725298576255803e-21
0.0051217554433642416 1.3958737967220727e-21
0.005265539630332755 1.4202369046390275e-21
0.005413360302965381 1.4456280657708577e-21
0.005565330778427646 1.4720695562271123e-21
0.005721567555063252 1.499655250526034e-21
0.005882190401699956 1.5283352609059106e-21
0.006047322449462649 1.5579123012856097e-21
0.006217090286163827 1.5889675757310655e-21
0.006391624053344006 1.6210222351478458e-21
0.006571057546036271 1.6544436784262567e-21
0.0067555283153316395 1.688996647512542e-21
0.006945177773823696 1.7249302966010382e-21
0.007140151304013403 1.7621206999563927e-21
0.007340598369757212 1.800685399342571e-21
0.007546672630843887 1.840454325983452e-21
0.007758532060787836 1.8819627610134995e-21
0.007976339067929281 1.924390832723265e-21
0.008200260619934131 1.9681381879239423e-21
0.008430468371788968 2.0131419517821214e-21
0.008667138797389234 2.0595436579307785e-21
0.008910453324821512 2.107308635203669e-21
0.00916059847544371 2.156345882401805e-21
0.009417766006869518 2.206619898294728e-21
0.009682153059967086 2.258177307030315e-21
0.009953962309984233 2.310450137957779e-21
0.010233402121916417 2.3643508388790905e-21
0.010520686710236229 2.419283249202094e-21
0.0108160363031071 2.4753422798928916e-21
0.011119677311206989 2.5324093673388933e-21
0.011431842501291497 2.590378591894765e-21
0.011752771174629452 2.648776167421718e-21
0.012082709350447765 2.708260265396189e-21
0.012421909954526173 2.7683070499631268e-21
0.01277063301308644 2.8284047575953813e-21
0.013129145852124654 2.8892302739564632e-21
0.013497723302339424 2.950508765193024e-21
0.013876647909813085 3.011244071055885e-21
0.014266210152607376 3.0720165205364885e-21
0.014666708663439686 3.1324505419769122e-21
0.015078450458610518 3.192468223026344e-21
0.015501751173357704 3.251679885591395e-21
0.01593693530381775 3.310063246326749e-21
0.01638433645577984 3.3672870695830924e-21
0.016844297600423153 3.423201816827199e-21
0.01731717133723354 3.477603306519003e-21
0.01780332016430114 3.5301874907183375e-21
0.01830311675620612 3.5805508731415635e-21
0.018816944249705557 3.628809401302845e-21
0.019345196537440452 3.674500904286143e-21
0.019888278569888097 3.71736673577889e-21
0.020446606665791168 3.757333181813087e-21
0.021020608831301583 3.794169374991517e-21
0.021610725088083777 3.827684561384618e-21
0.022217407810628847 3.8573856164679866e-21
0.022841122073038244 3.883556538191973e-21
0.023482346005542765 3.905278553736611e-21
0.02414157116103019 3.923123551858909e-21
0.024819302891862554 3.936802110243924e-21
0.02551606073727185 3.946227550610592e-21
0.026232378821631236 3.951399361806314e-21
0.026968806263906926 3.95137113605221e-21
0.027725907598604826 3.946599764473031e-21
0.028504263208534348 3.937140425653222e-21
0.02930446976972143 3.922879872848189e-21
0.03012714070881164 3.903977256649272e-21
0.030972906673314083 3.880651574119342e-21
0.03184241601504653 3.852364006428018e-21
0.03273633528715246 3.81954902373135e-21
0.033655349755070944 3.782411168913794e-21
0.034600163921851106 3.74092300178612e-21
0.03557150206821386 3.695307783448517e-21
0.03657010880777491 3.6457415562639956e-21
0.03759674965785468 3.592471950450095e-21
0.03865221162631264 3.535591540060006e-21
0.03973730381485608 3.4754744882607795e-21
0.040852858039285636 3.412311707576688e-21
0.04199972946715306 3.346192657206854e-21
0.04317879727332024 3.2779404995264296e-21
0.04439096531392171 3.2073055996184755e-21
0.04563716281924759 3.1346597311476263e-21
0.046918345106077966 3.06025254066649e-21
0.04823549431001467 2.9844120433220804e-21
0.04958962013837214 2.907482429591689e-21
0.050981760644204246 2.829683010968464e-21
0.052412983022060586 2.751235946758414e-21
0.05388438442608224 2.6724558517622686e-21
0.05539709281106403 2.5936245629347412e-21
0.056952267797128246 2.514828381863671e-21
0.05855110155867241 2.4364029093527692e-21
0.060194819738272745 2.3585638918416504e-21
0.06188468238624386 2.2814366462152704e-21
0.06362198492657489 2.204937618992153e-21
0.06540805914998256 2.129893946941088e-21
0.0672442742348425 2.0562748474135483e-21
0.06913203779678131 1.9839068410639008e-21
0.07107279696773419 1.912969771654145e-21
0.07306803950529503 1.843570335483452e-21
0.07511929493320965 1.7758395442052335e-21
0.07722813571388643 1.7097117740963277e-21
0.0793961784538228 1.64553452050102e-21
0.08162508514287228 1.583226892554291e-21
0.08391656442830157 1.5228100510313972e-21
0.08627237292461451 1.4643260345935531e-21
0.08869431656014709 1.4077798127014412e-21
0.09118425196146572 1.3531779400795165e-21
0.09374408787662995 1.3005228542686663e-21
0.09637578663841088 1.2495895843074536e-21
0.0990813656685867 1.2007310320057252e-21
0.10186289902446875 1.1537884785193319e-21
0.10472251898884344 1.1086626387495046e-21
0.10766241770454933 1.0654723671811844e-21
0.1106848488549412 1.0239056217157941e-21
0.11379212939153151 9.839221554467873e-22
0.11698664131013069 9.457749064098754e-22
0.1202708334768512 9.092688520920833e-22
0.12364722350537151 8.743439000636675e-22
0.1271183996869029 8.409523161828083e-22
0.13068702297433463 8.090416870966246e-22
0.13435582902208262 7.78545899458794e-22
0.13812763028320094 7.494139793115869e-22
0.14200531816536832 7.216021838602644e-22
0.14599186524739785 6.950557500768482e-22
0.15009032755797366 6.697221229768064e-22
0.15430384691835647 6.4553569133656425e-22
0.15863565335085897 6.2247169252980155e-22
0.16308906755493327 6.004686501480469e-22
0.16766750345276993 5.794640131231098e-22
0.17237447080636198 5.594249199325853e-22
0.17721357790803585 5.403024583602652e-22
0.18218853434651672 5.220577424947057e-22
0.18730315385064367 5.046329220837187e-22
0.19256135721291986 4.880157387368165e-22
0.19796717529513327 4.721476409810613e-22
0.20352475211835777 4.570084276931378e-22
0.2092383480396977 4.425463661791798e-22
0.21511234301821672 4.287367941404683e-22
0.22115123997254887 4.1553156806886315e-22
0.22735966823277176 4.0291240614976325e-22
0.2337423870891815 3.9085170742580873e-22
0.24030428944069696 3.793119126868793e-22
0.24705040554568256 3.682708367592546e-22
0.25398590687807265 3.5770328552517303e-22
0.26111611009174596 3.4758391651675043e-22
0.26844648109619623 3.378910496441013e-22
0.27598263924661803 3.2867407485353834e-22
0.28373036165162113 3.1976257789709143e-22
0.2916955876018796 3.1121064820864254e-22
0.29988442312310276 3.0300690667472114e-22
0.3083031456568277 2.951068622219461e-22
0.3169582088726115 2.8755196062902434e-22
0.32585624761532267 2.8029155629704417e-22
0.3350040829913133 2.7331860806994543e-22
0.34440872759738234 2.66612570080161e-22
0.35407739089652696 2.601514184691941e-22
0.36401748474461415 2.539418619817085e-22
0.37423662907219807 2.4796313735895717e-22
0.3847426577258506 2.4220943553781087e-22
0.39554362447347013 2.366677318522512e-22
0.4066478091781858 2.313367304124907e-22
0.4180637241455758 2.261899246362564e-22
0.42980012064907985 2.212222520189094e-22
0.44186599563859413 2.1643639472289046e-22
0.45427059863740427 2.1181742292902977e-22
0.4670234388327335 2.0735665116414204e-22
0.480134292365345 2.030544034036132e-22
0.4936132098237917 1.98905227531211e-22
0.5074705239490466 1.9489450278778488e-22
0.521716857555435 1.910186973678023e-22
0.536363131673924 1.8729779809138324e-22
0.5514205739240302 1.8368473433112325e-22
0.5669007271207434 1.801866376395103e-22
0.5828154581230846 1.7680816734685734e-22
0.5991769669310619 1.7354475720297905e-22
0.6159977960380169 1.7039059207711144e-22
0.6332908400455115 1.6734156254777358e-22
0.6510693555481462 1.6438742402977878e-22
0.6693469712958661 1.6153642929443696e-22
0.688137698641567 1.5877491460408563e-22
0.7074559422819878 1.5611094765283996e-22
0.7273165113001454 1.5350435001447433e-22
0.7477346305177588 1.5101699314706752e-22
0.7687259521663729 1.48610895615629e-22
0.7903065678861348 1.462841991153156e-22
0.8124930210614048 1.4403677844249513e-22
0.8353023195026779 1.4185992221168413e-22
0.8587519484845171 1.3975302210822386e-22
0.882859884149515 1.3771624715987805e-22
0.9076446072885357 1.3574692017852378e-22
0.933125117507825 1.3386840900074184e-22
0.9593209477938242 1.3201825764010548e-22
0.9862521794868784 1.30232782802823e-22
1.0139394576752918 1.2849983585239585e-22
1.0424040070215568 1.2682471123158364e-22
1.0716676480328633 1.2520116345374152e-22
1.1017528137883874 1.2362651808002614e-22
1.1326825671361538 1.2209080061275607e-22
1.1644806183726866 1.206189196998639e-22
1.1971713434189668 1.1918516025490838e-22
1.2307798025066645 1.1779715475073107e-22
1.2653317593889428 1.164654241350098e-22
1.3008537010905705 1.151527108836132e-22
1.3373728582124964 1.138814751573707e-22
1.374917225806419 1.1264454608528547e-22
1.4135155848353957 1.1144129620680778e-22
1.4531975242368953 1.1029210717990993e-22
1.4939934636052576 1.0915451539533908e-22
1.535934676510897 1.0804774340821572e-22
1.5790533144741759 1.0696752732453984e-22
1.6233824316122782 1.0591146951481097e-22
1.6689560099780247 1.0488996940183632e-22
1.7158089856100047 1.0388585808032441e-22
1.7639772753140452 1.029027221222763e-22
1.8134978041964953 1.0194306195012874e-22
1.8644085339704872 1.0100627881745751e-22
1.916748492056815 1.0008404093552128e-22
1.9705578015018004 9.917800419567442e-23
2.025877711735017 9.829260423251709e-23
2.0827506301905143 9.740213165495375e-23
2.1412201548157292 9.654714526135704e-23
2.20133110749303 9.570530579781954e-23
2.26312956839953 9.488026048263946e-23
2.326662911331458 9.407062246318573e-23
2.3919798400202397 9.327478012288473e-23
2.459130425468044 9.249507971367484e-23
2.5281661443315007 9.17303562609628e-23
2.599139918382933 9.097895469043932e-23
2.6721061550794354 9.023947759900475e-23
2.7471207892708116 8.951384559484569e-23
2.8242413260784356 8.879384569161933e-23
2.903526884977814 8.809712552292703e-23
2.9850382451187323 8.741532016425398e-23
3.0688378919176422 8.674894610152161e-23
3.1549900649580884 8.609799867005032e-23
3.2435608072358115 8.546265915122369e-23
3.3346180157863627 8.484952996373588e-23
3.428231493733971 8.424433940088024e-23
3.5244730038015843 8.365012640886617e-23
3.62341632332315 8.308836469344136e-23
3.7251373008002098 8.254554110411569e-23
3.829713914046281 8.200389611616083e-23
3.937226329963479 8.150504136379202e-23
4.047756965997322 8.102947540838186e-23
4.161390553316707 8.057833260275907e-23
4.278214201767617 8.015272704237121e-23
4.398317466650224 7.975814197960671e-23
4.521792417370702 7.938773436983265e-23
4.648733708020257 7.904768099400856e-23
4.7792386499356 7.87284669500344e-23
4.913407286296362 7.845316099432982e-23
5.051342468816767 7.821128548098824e-23
5.1931499365902125 7.799805390094261e-23
5.338938397147356 7.783268362381785e-23
5.4888196097896715 7.770383234399655e-23
5.642908471262537 7.761621815087002e-23
5.801323103833378 7.756989678221492e-23
5.96418494584246 7.756977784480797e-23
6.131618844795775 7.761802637327983e-23
6.303753153071275 7.771710153234588e-23
6.4807198263119705 7.78674183989752e-23
6.66265452458115 7.807124527415626e-23
6.849696716357447 7.83328612855645e-23
7.041989785449289 7.865583747732217e-23
7.239681140910877 7.904505001867588e-23
7.442922330043758 7.949243624157627e-23
7.651869154570825 8.000999896180891e-23
7.866681790071582 8.058972547943019e-23
8.087524908770456 8.12557365252777e-23
8.314567805772064 8.201691739014108e-23
8.547984528840415 8.284733876678484e-23
8.78795401182132 8.376638184552449e-23
9.034660211810534 8.480427504614022e-23
9.2882922501725 8.590816346384501e-23
9.549044557518078 8.711566682084808e-23
9.817117022752193 8.843357535905123e-23
10.092715146305718 8.986212912656731e-23
10.376050197669118 9.14114361980331e-23
10.66733937734857 9.308796188007952e-23
10.966805983368674 9.489773388942154e-23
11.274679582449473 9.685009316512403e-23
11.591196185988856 9.895168230791547e-23
11.916598430985587 1.0121337436533277e-22
12.251135766041177 1.0364416294770057e-22
12.595064642583589 1.0625276541729187e-22
12.948648711459048 1.0905411606108792e-22
13.312159025043076 1.120554663177803e-22
13.685874245025177 1.1528323756777457e-22
14.070080856026864 1.1873061586067787e-22
14.46507338521647 1.224193864573527e-22
14.871154628089538 1.2636716908481843e-22
15.288635880587295 1.3059192387158334e-22
15.717837177731612 1.3511211541335666e-22
16.15908753895919 1.3994699619403334e-22
16.61272522034293 1.4511702552296378e-22
17.079097973894267 1.5064359853441777e-22
17.55856331414467 1.5658403923202932e-22
18.0514887922111 1.6290998415607298e-22
18.558252277555187 1.6968171637571427e-22
19.07924224765265 1.769240978596203e-22
19.614858085794292 1.846518447899572e-22
20.165510387247487 1.9291521610162905e-22
20.731621274012312 2.017512125001719e-22
21.313624718414378 2.1119843530245682e-22
21.911966875781474 2.2129747470444327e-22
22.527106426459827 2.3209168182797192e-22
23.159514927431545 2.436352989006207e-22
23.809677173803582 2.5597456597889044e-22
24.478091570444402 2.691657082219171e-22
25.16527051405389 2.8326764884328754e-22
25.87174078595924 2.9834433246568235e-22
26.598043955937584 3.144561069071255e-22
27.3447367973758 3.316778952919774e-22
28.112391714084612 3.500483238749542e-22
28.901597179095116 3.6970852767439713e-22
29.712958185773342 3.9068819149359983e-22
30.547096711599682 4.1312444548915694e-22
31.40465219496749 4.370892505992985e-22
32.286282025367335 4.626713292976807e-22
33.1926620473319 4.899758890113673e-22
34.124487078528894 5.191139298137462e-22
35.08247144239789 5.501851080123945e-22
36.06734951574032 5.8331935146428445e-22
37.07987629168173 6.186389857312875e-22
38.12082795843888 6.56267438952344e-22
39.19100249433402 6.963505799146203e-22
40.29122027951352 7.390094911436585e-22
41.42232472483898 7.843905626989526e-22
42.58518291843414 8.326622884405046e-22
43.78068629038167 8.84069151761641e-22
45.00975129608042 9.385236151889642e-22
46.273320118786934 9.962969528770969e-22
47.57236139187889 1.0575845796826517e-21
48.9078709413959 1.1226077391775275e-21
50.28087254942475 1.191367546094531e-21
51.69241873891604 1.2641634531586792e-21
53.143591580532416 1.3411120214183285e-21
54.63550352214876 1.4223662158870472e-21
56.16929824163804 1.508122419396196e-21
57.74615152359826 1.5985706878961765e-21
59.367272160691265 1.6938327042282085e-21
61.03390288028621 1.794132195151821e-21
62.74732129711575 1.8995155227470503e-21
64.508840892677 2.0101603176133326e-21
66.31981202212675 2.126270259575729e-21
68.18162294944479 2.2479832707186755e-21
70.09570091165618 2.3748421270446706e-21
72.06351321293045 2.5079737679318175e-21
74.08656834939568 2.6470763403526976e-21
76.16641716552891 2.792182744097297e-21
78.30465404301182 2.943327078056902e-21
80.50291812295973 3.1006204166329263e-21
82.76289456246352 3.264230203227898e-21
85.08631582640582 3.434476526417678e-21
87.47496301554415 3.610830504727183e-21
89.93066723187614 3.7932869756176914e-21
92.4553109823358 3.9826949824005516e-21
95.05082962189512 4.177915929760007e-21
97.71921283717997 4.379421149434451e-21
100.46250617173403 4.588152612188637e-21
103.28281259410296 4.8021358381420844e-21
106.18229410993847 5.022395095540275e-21
109.16317341936147 5.248519480737239e-21
112.22773562085071 5.480650117877889e-21
115.37832996296596 5.719447865165173e-21
118.61737164524791 5.96339748270114e-21
121.94734366967383 6.2127402401784786e-21
125.37079874409197 6.4674964690466005e-21
128.89036123908915 6.727574793800616e-21
132.5087291997954 6.993083170718286e-21
136.22867641416468 7.263193585264462e-21
140.05305453932198 7.538162695050902e-21
143.98479528760066 7.81791535752867e-21
148.02691267395102 8.10141388115076e-21
152.1825053264387 8.389480527911632e-21
156.45475886160958 8.68158998282282e-21
160.8469483265355 8.97768878699666e-21
165.36244070941822 9.276672396534535e-21
170.0046975206718 9.579359199411703e-21
174.77727744646808 9.885515104163687e-21
179.68383907677193 1.0194360786520981e-20
184.7281437099636 1.0505558872707725e-20
189.91405823619354 1.0820922121558334e-20
195.2455581016861 1.1137511552552908e-20
200.72673035625684 1.1456505086594195e-20
206.36177678638566 1.1777531885692626e-20
212.15501713624525 1.2100462658501687e-20
218.11089241915198 1.2424915882244104e-20
224.2339683219845 1.275011070529628e-20
230.52893870517062 1.3077711223320807e-20
237.00062920093305 1.3406757667568495e-20
243.6540009125466 1.3736575863746754e-20
250.49415421745024 1.4067382326521445e-20
257.52633267711985 1.4398805994312376e-20
264.7559270567069 1.473080472511192e-20
272.188479457518 1.5062981895079827e-20
279.82968756551156 1.5395557090560783e-20
287.68540901905914 1.5728341659394216e-20
295.76166589932564 1.6060805051227805e-20
304.06464934670686 1.6393783885995972e-20
312.60072430687035 1.6724272991129147e-20
321.37643441002757 1.7055028477933363e-20
330.3985069871855 1.7384843314559634e-20
339.67385822722093 1.771358917698443e-20
349.2095984787271 1.804096856155848e-20
359.01303770070683 1.8367437320583967e-20
369.09169106627746 1.869119210839145e-20
379.4532847236942 1.9013017210128715e-20
390.10576171909935 1.9332212510055535e-20
401.0572880855496 1.9648513808000667e-20
412.3162591029748 1.9962031572709313e-20
423.8913057338783 2.0272131371434522e-20
435.791301239703 2.057831325775343e-20
448.025367982949 2.088039777642433e-20
460.60288442023983 2.117836387408212e-20
473.5334922917121 2.1471413340225112e-20
486.8271040122284 2.1759559723705124e-20
500.49391027009534 2.2040380913008038e-20
514.5443878390925 2.2316372126270625e-20
528.9893076098145 2.2586166798964428e-20
543.8397428464801 2.2848894928879177e-20
559.1070776755294 2.3106451234608494e-20
574.8030158125351 2.3353954168184313e-20
590.9395895340965 2.359369924565846e-20
607.5291689016077 2.382472773845692e-20
624.5844712439618 2.4046526049764325e-20
642.1185709064758 2.4259141956774582e-20
660.1449092734883 2.4461177232024477e-20
678.6773050723302 2.4653449512185957e-20
697.7299649665538 2.483830727793281e-20
717.3174944465612 2.5008704108888308e-20
737.4549090259546 2.516666059673738e-20
758.1576457522118 2.5313401667707088e-20
779.4415750404951 2.544784309796147e-20
801.3230128396887 2.5570026325583458e-20
823.8187331399602 2.567936554484053e-20
846.9459808314593 2.57756691246204e-20
870.7224849239922 2.585850896987337e-20
895.1664721378302 2.5927968011083464e-20
920.296680876041 2.598373656741781e-20
946.132375589076 2.6025603573427406e-20
972.6933615426178 2.6053807401627304e-20
1000.0 2.6067890620965068e-20
