----------------------
ELASTIC
Surge
1.371541e-4 / mass ratio
----------------------
0.01 3.03093636035e-20
0.0101862899024 3.03093636035e-20
0.0103760501977 3.03093636035e-20
0.0105693455356 3.03093636035e-20
0.0107662417705 3.03093636035e-20
0.0109668059834 3.03093636035e-20
0.011171106505 3.03093636035e-20
0.0113792129392 3.03093636035e-20
0.011591196186 3.03093636035e-20
0.0118071284667 3.03093636035e-20
0.0120270833477 3.03093636035e-20
0.012251135766 3.03093636035e-20
0.0124793620547 3.03093636035e-20
0.0127118399687 3.03093636035e-20
0.0129486487115 3.03093636035e-20
0.013189868962 3.03093636035e-20
0.0134355829022 3.03093636035e-20
0.013685874245 3.03093636035e-20
0.0139408282628 3.03093636035e-20
0.0142005318165 3.03093636035e-20
0.0144650733852 3.03093636035e-20
0.0147345430962 3.03093636035e-20
0.0150090327558 3.03093636035e-20
0.0152886358806 3.03093636035e-20
0.0155734477293 3.03093636035e-20
0.0158635653351 3.03093636035e-20
0.016159087539 3.03093636035e-20
0.0164601150231 3.03093636035e-20
0.0167667503453 3.03093636035e-20
0.0170790979739 3.03093636035e-20
0.0173972643234 3.03093636035e-20
0.0177213577908 3.03093636035e-20
0.0180514887922 3.03093636035e-20
0.0183877698008 3.03093636035e-20
0.0187303153851 3.03093636035e-20
0.0190792422477 3.03093636035e-20
0.0194346692654 3.03093636035e-20
0.0197967175295 3.03093636035e-20
0.0201655103872 3.03093636035e-20
0.0205411734835 3.03093636035e-20
0.020923834804 3.03093636035e-20
0.0213136247184 3.03093636035e-20
0.0217106760254 3.03093636035e-20
0.0221151239973 3.03093636035e-20
0.0225271064265 3.03093636035e-20
0.0229467636723 3.03093636035e-20
0.0233742387089 3.03093636035e-20
0.0238096771738 3.03093636035e-20
0.0242532274176 3.03093636035e-20
0.0247050405546 3.03093636035e-20
0.0251652705141 3.03093636035e-20
0.025634074093 3.03093636035e-20
0.0261116110092 3.03093636035e-20
0.0265980439559 3.03093636035e-20
0.0270935386573 3.03093636035e-20
0.0275982639247 3.03093636035e-20
0.0281123917141 3.03093636035e-20
0.0286360971851 3.03093636035e-20
0.0291695587602 3.03093636035e-20
0.0297129581858 3.03093636035e-20
0.030266480594 3.03093636035e-20
0.0308303145657 3.03093636035e-20
0.031404652195 3.03093636035e-20
0.0319896891543 3.03093636035e-20
0.0325856247615 3.03093636035e-20
0.0331926620473 3.03093636035e-20
0.0338110078248 3.03093636035e-20
0.0344408727597 3.03093636035e-20
0.0350824714424 3.03093636035e-20
0.0357360224607 3.03093636035e-20
0.0364017484745 3.03093636035e-20
0.0370798762917 3.03093636035e-20
0.0377706369454 3.03093636035e-20
0.0384742657726 3.03093636035e-20
0.0391910024943 3.03093636035e-20
0.0399210912975 3.03093636035e-20
0.0406647809178 3.03093636035e-20
0.0414223247248 3.03093636035e-20
0.0421939808081 3.03093636035e-20
0.0429800120649 3.03093636035e-20
0.0437806862904 3.03093636035e-20
0.0445962762682 3.03093636035e-20
0.0454270598637 3.03093636035e-20
0.0462733201188 3.03093636035e-20
0.0471353453479 3.03093636035e-20
0.0480134292365 3.03093636035e-20
0.0489078709414 3.03093636035e-20
0.0498189751921 3.03093636035e-20
0.0507470523949 3.03093636035e-20
0.0516924187389 3.03093636035e-20
0.0526553963033 3.03093636035e-20
0.0536363131674 3.03093636035e-20
0.0546355035221 3.03093636035e-20
0.0556533077843 3.03093636035e-20
0.0566900727121 3.03093636035e-20
0.0577461515236 3.03093636035e-20
0.058821904017 3.03093636035e-20
0.0599176966931 3.03093636035e-20
0.0610339028803 3.03093636035e-20
0.0621709028616 3.03093636035e-20
0.0633290840046 3.03093636035e-20
0.0645088408927 3.03093636035e-20
0.0657105754604 3.03093636035e-20
0.0669346971296 3.03093636035e-20
0.0681816229494 3.03093636035e-20
0.0694517777382 3.03093636035e-20
0.0707455942282 3.03093636035e-20
0.0720635132129 3.03093636035e-20
0.0734059836976 3.03093636035e-20
0.0747734630518 3.03093636035e-20
0.0761664171655 3.03093636035e-20
0.0775853206079 3.03093636035e-20
0.0790306567886 3.03093636035e-20
0.080502918123 3.03093636035e-20
0.0820026061993 3.03093636035e-20
0.0835302319503 3.03093636035e-20
0.0850863158264 3.03093636035e-20
0.0866713879739 3.03093636035e-20
0.088285988415 3.03093636035e-20
0.0899306672319 3.03093636035e-20
0.0916059847544 3.03093636035e-20
0.0933125117508 3.03093636035e-20
0.0950508296219 3.03093636035e-20
0.0968215305997 3.03093636035e-20
0.0986252179487 3.03093636035e-20
0.100462506172 3.03093636035e-20
0.102334021219 3.03093636035e-20
0.104240400702 3.03093636035e-20
0.10618229411 3.03093636035e-20
0.108160363031 3.03093636035e-20
0.110175281379 3.03093636035e-20
0.112227735621 3.03093636035e-20
0.114318425013 3.03093636035e-20
0.116448061837 3.03093636035e-20
0.118617371645 3.03093636035e-20
0.120827093504 3.03093636035e-20
0.123077980251 3.03093636035e-20
0.125370798744 3.03093636035e-20
0.127706330131 3.03093636035e-20
0.130085370109 3.03093636035e-20
0.1325087292 3.03093636035e-20
0.134977233023 3.03093636035e-20
0.137491722581 3.03093636035e-20
0.140053054539 3.03093636035e-20
0.142662101526 3.03093636035e-20
0.145319752424 3.03093636035e-20
0.148026912674 3.03093636035e-20
0.150784504586 3.03093636035e-20
0.153593467651 3.03093636035e-20
0.156454758862 3.03093636035e-20
0.159369353038 3.03093636035e-20
0.162338243161 3.03093636035e-20
0.165362440709 3.03093636035e-20
0.168442976004 3.03093636035e-20
0.171580898561 3.03093636035e-20
0.174777277446 3.03093636035e-20
0.178033201643 3.03093636035e-20
0.18134978042 3.03093636035e-20
0.18472814371 3.03093636035e-20
0.188169442497 3.03093636035e-20
0.191674849206 3.03093636035e-20
0.195245558102 3.03093636035e-20
0.198882785699 3.03093636035e-20
0.202587771174 3.03093636035e-20
0.206361776786 3.03093636035e-20
0.210206088313 3.03093636035e-20
0.214122015482 3.03093636035e-20
0.218110892419 3.03093636035e-20
0.222174078106 3.03093636035e-20
0.22631295684 3.03093636035e-20
0.230528938705 3.03093636035e-20
0.234823460055 3.03093636035e-20
0.239197984002 3.03093636035e-20
0.243654000913 3.03093636035e-20
0.248193028919 3.03093636035e-20
0.252816614433 3.03093636035e-20
0.257526332677 3.03093636035e-20
0.262323788216 3.03093636035e-20
0.267210615508 3.03093636035e-20
0.272188479458 3.03093636035e-20
0.277259075986 3.03093636035e-20
0.282424132608 3.03093636035e-20
0.287685409019 3.03093636035e-20
0.293044697697 3.03093636035e-20
0.298503824512 3.03093636035e-20
0.304064649347 3.03093636035e-20
0.309729066733 3.03093636035e-20
0.315499006496 3.03093636035e-20
0.32137643441 3.03093636035e-20
0.327363352872 3.03093636035e-20
0.333461801579 3.03093636035e-20
0.339673858227 3.03093636035e-20
0.346001639219 3.03093636035e-20
0.35244730038 3.03093636035e-20
0.359013037701 3.03093636035e-20
0.365701088078 3.03093636035e-20
0.37251373008 3.03093636035e-20
0.379453284724 3.03093636035e-20
0.386522116263 3.03093636035e-20
0.393722632996 3.03093636035e-20
0.401057288086 3.03093636035e-20
0.408528580393 3.03093636035e-20
0.416139055332 3.03093636035e-20
0.423891305734 3.03093636035e-20
0.431787972733 3.03093636035e-20
0.439831746665 3.03093636035e-20
0.448025367983 3.03093636035e-20
0.456371628192 3.03093636035e-20
0.464873370802 3.03093636035e-20
0.473533492292 3.03093636035e-20
0.4823549431 3.03093636035e-20
0.49134072863 3.03093636035e-20
0.50049391027 3.03093636035e-20
0.509817606442 3.03093636035e-20
0.519314993659 3.03093636035e-20
0.52898930761 3.03093636035e-20
0.538843844261 3.03093636035e-20
0.548881960979 3.03093636035e-20
0.559107077676 3.03093636035e-20
0.569522677971 3.03093636035e-20
0.580132310383 3.03093636035e-20
0.590939589534 3.03093636035e-20
0.601948197383 3.03093636035e-20
0.61316188448 3.03093636035e-20
0.624584471244 3.03093636035e-20
0.636219849266 3.03093636035e-20
0.648071982631 3.03093636035e-20
0.660144909273 3.03093636035e-20
0.672442742348 3.03093636035e-20
0.684969671636 3.03093636035e-20
0.697729964967 3.03093636035e-20
0.710727969677 3.03093636035e-20
0.723968114091 3.03093636035e-20
0.737454909026 3.03093636035e-20
0.751192949332 3.03093636035e-20
0.765186915457 3.03093636035e-20
0.77944157504 3.03093636035e-20
0.793961784538 3.03093636035e-20
0.808752490877 3.03093636035e-20
0.82381873314 3.03093636035e-20
0.839165644283 3.03093636035e-20
0.854798452884 3.03093636035e-20
0.870722484924 3.03093636035e-20
0.886943165601 3.03093636035e-20
0.903466021181 3.03093636035e-20
0.920296680876 3.03093636035e-20
0.937440878766 3.03093636035e-20
0.954904455752 3.03093636035e-20
0.972693361543 3.03093636035e-20
0.990813656686 3.03093636035e-20
1.00927151463 3.03093636035e-20
1.02807322383 3.03093636035e-20
1.04722518989 3.03093636035e-20
1.06673393773 3.03093636035e-20
1.08660611385 3.03093636035e-20
1.10684848855 3.03093636035e-20
1.12746795824 3.03093636035e-20
1.14847154784 3.03093636035e-20
1.1698664131 3.03093636035e-20
1.1916598431 3.03093636035e-20
1.21385926269 3.03093636035e-20
1.23647223505 3.03093636035e-20
1.25950646426 3.03093636035e-20
1.28296979789 3.03093636035e-20
1.30687022974 3.03093636035e-20
1.3312159025 3.03093636035e-20
1.35601511057 3.03093636035e-20
1.38127630283 3.03093636035e-20
1.4070080856 3.03093636035e-20
1.4332192255 3.03093636035e-20
1.45991865247 3.03093636035e-20
1.48711546281 3.03093636035e-20
1.51481892226 3.03093636035e-20
1.54303846918 3.03093636035e-20
1.57178371777 3.03093636035e-20
1.60106446132 3.03093636035e-20
1.63089067555 3.03093636035e-20
1.66127252203 3.03093636035e-20
1.69222035164 3.03093636035e-20
1.72374470806 3.03093636035e-20
1.75585633141 3.03093636035e-20
1.78856616188 3.03093636035e-20
1.82188534347 3.03093636035e-20
1.85582522776 3.03093636035e-20
1.89039737782 3.03093636035e-20
1.92561357213 3.03093636035e-20
1.96148580858 3.03093636035e-20
1.99802630857 3.03093636035e-20
2.03524752118 3.03093636035e-20
2.0731621274 3.03093636035e-20
2.11178304445 3.03093636035e-20
2.15112343018 3.03093636035e-20
2.19119668758 3.03093636035e-20
2.2320164693 3.03093636035e-20
2.27359668233 3.03093636035e-20
2.31595149274 3.03093636035e-20
2.35909533051 3.03093636035e-20
2.40304289441 3.03093636035e-20
2.44780915704 3.03093636035e-20
2.49340936995 3.03093636035e-20
2.53985906878 3.03093636035e-20
2.5871740786 3.03093636035e-20
2.63537051927 3.03093636035e-20
2.68446481096 3.03093636035e-20
2.73447367974 3.03093636035e-20
2.78541416324 3.03093636035e-20
2.83730361652 3.03093636035e-20
2.89015971791 3.03093636035e-20
2.9440004751 3.03093636035e-20
2.99884423123 3.03093636035e-20
3.05470967116 3.03093636035e-20
3.11161582782 3.03093636035e-20
3.16958208873 3.03093636035e-20
3.22862820254 3.03093636035e-20
3.28877428583 3.03093636035e-20
3.35004082991 3.03093636035e-20
3.41244870785 3.03093636035e-20
3.47601918154 3.03093636035e-20
3.54077390897 3.03093636035e-20
3.60673495157 3.03093636035e-20
3.6739247818 3.03093636035e-20
3.74236629072 3.03093636035e-20
3.81208279584 3.03093636035e-20
3.88309804906 3.03093636035e-20
3.95543624473 3.03093636035e-20
4.02912202795 3.03093636035e-20
4.1041805029 3.03093636035e-20
4.18063724146 3.03093636035e-20
4.25851829184 3.03093636035e-20
4.33785018756 3.03093636035e-20
4.41865995639 3.03093636035e-20
4.50097512961 3.03093636035e-20
4.58482375139 3.03093636035e-20
4.67023438833 3.03093636035e-20
4.75723613919 3.03093636035e-20
4.84585864482 3.03093636035e-20
4.93613209824 3.03093636035e-20
5.02808725494 3.03093636035e-20
5.12175544336 3.03093636035e-20
5.21716857555 3.03093636035e-20
5.31435915805 3.03093636035e-20
5.41336030297 3.03093636035e-20
5.51420573924 3.03093636035e-20
5.61692982416 3.03093636035e-20
5.72156755506 3.03093636035e-20
5.82815458123 3.03093636035e-20
5.93672721607 3.03093636035e-20
6.04732244946 3.03093636035e-20
6.15997796038 3.03093636035e-20
6.27473212971 3.03093636035e-20
6.39162405334 3.03093636035e-20
6.51069355548 3.03093636035e-20
6.63198120221 3.03093636035e-20
6.75552831533 3.03093636035e-20
6.88137698642 3.03093636035e-20
7.00957009117 3.03093636035e-20
7.14015130401 3.03093636035e-20
7.273165113 3.03093636035e-20
7.40865683494 3.03093636035e-20
7.54667263084 3.03093636035e-20
7.68725952166 3.03093636035e-20
7.8304654043 3.03093636035e-20
7.97633906793 3.03093636035e-20
8.12493021061 3.03093636035e-20
8.27628945625 3.03093636035e-20
8.43046837179 3.03093636035e-20
8.58751948485 3.03093636035e-20
8.74749630155 3.03093636035e-20
8.91045332482 3.03093636035e-20
9.07644607289 3.03093636035e-20
9.24553109823 3.03093636035e-20
9.41776600687 3.03093636035e-20
9.59320947794 3.03093636035e-20
9.77192128372 3.03093636035e-20
9.95396230998 3.03093636035e-20
10.1393945768 3.03093636035e-20
10.3282812594 3.03093636035e-20
10.5206867102 3.03093636035e-20
10.7166764803 3.03093636035e-20
10.9163173419 3.03093636035e-20
11.1196773112 3.03093636035e-20
11.3268256714 3.03093636035e-20
11.5378329963 3.03093636035e-20
11.7527711746 3.03093636035e-20
11.9717134342 3.03093636035e-20
12.194734367 3.03093636035e-20
12.4219099545 3.03093636035e-20
12.6533175939 3.03093636035e-20
12.8890361239 3.03093636035e-20
13.1291458521 3.03093636035e-20
13.3737285821 3.03093636035e-20
13.6228676414 3.03093636035e-20
13.8766479098 3.03093636035e-20
14.1351558484 3.03093636035e-20
14.3984795288 3.03093636035e-20
14.6667086634 3.03093636035e-20
14.9399346361 3.03093636035e-20
15.2182505326 3.03093636035e-20
15.5017511734 3.03093636035e-20
15.7905331447 3.03093636035e-20
16.0846948327 3.03093636035e-20
16.3843364558 3.03093636035e-20
16.6895600998 3.03093636035e-20
17.0004697521 3.03093636035e-20
17.3171713372 3.03093636035e-20
17.6397727531 3.03093636035e-20
17.9683839077 3.03093636035e-20
18.3031167562 3.03093636035e-20
18.6440853397 3.03093636035e-20
18.9914058236 3.03093636035e-20
19.3451965374 3.03093636035e-20
19.705578015 3.03093636035e-20
20.0726730356 3.03093636035e-20
20.4466066658 3.03093636035e-20
20.8275063019 3.03093636035e-20
21.2155017136 3.03093636035e-20
21.6107250881 3.03093636035e-20
22.0133110749 3.03093636035e-20
22.4233968322 3.03093636035e-20
22.841122073 3.03093636035e-20
23.2666291133 3.03093636035e-20
23.7000629201 3.03093636035e-20
24.141571161 3.03093636035e-20
24.5913042547 3.03093636035e-20
25.0494154217 3.03093636035e-20
25.5160607373 3.03093636035e-20
25.9913991838 3.03093636035e-20
26.4755927057 3.03093636035e-20
26.9688062639 3.03093636035e-20
27.4712078927 3.03093636035e-20
27.9829687566 3.03093636035e-20
28.5042632085 3.03093636035e-20
29.0352688498 3.03093636035e-20
29.5761665899 3.03093636035e-20
30.1271407088 3.03093636035e-20
30.6883789192 3.03093636035e-20
31.2600724307 3.03093636035e-20
31.842416015 3.03093636035e-20
32.4356080724 3.03093636035e-20
33.0398506987 3.03093636035e-20
33.6553497551 3.03093636035e-20
34.2823149373 3.03093636035e-20
34.9209598479 3.03093636035e-20
35.5715020682 3.03093636035e-20
36.2341632332 3.03093636035e-20
36.9091691066 3.03093636035e-20
37.5967496579 3.03093636035e-20
38.2971391405 3.03093636035e-20
39.0105761719 3.03093636035e-20
39.7373038149 3.03093636035e-20
40.47756966 3.03093636035e-20
41.2316259103 3.03093636035e-20
41.9997294672 3.03093636035e-20
42.7821420177 3.03093636035e-20
43.579130124 3.03093636035e-20
44.3909653139 3.03093636035e-20
45.2179241737 3.03093636035e-20
46.060288442 3.03093636035e-20
46.9183451061 3.03093636035e-20
47.7923864994 3.03093636035e-20
48.6827104012 3.03093636035e-20
49.5896201384 3.03093636035e-20
50.5134246882 3.03093636035e-20
51.4544387839 3.03093636035e-20
52.4129830221 3.03093636035e-20
53.3893839715 3.03093636035e-20
54.3839742846 3.03093636035e-20
55.3970928111 3.03093636035e-20
56.4290847126 3.03093636035e-20
57.4803015813 3.03093636035e-20
58.5511015587 3.03093636035e-20
59.6418494584 3.03093636035e-20
60.7529168902 3.03093636035e-20
61.8846823862 3.03093636035e-20
63.0375315307 3.03093636035e-20
64.2118570906 3.03093636035e-20
65.40805915 3.03093636035e-20
66.6265452458 3.03093636035e-20
67.8677305072 3.03093636035e-20
69.1320377968 3.03093636035e-20
70.4198978545 3.03093636035e-20
71.7317494447 3.03093636035e-20
73.0680395053 3.03093636035e-20
74.4292233004 3.03093636035e-20
75.8157645752 3.03093636035e-20
77.2281357139 3.03093636035e-20
78.6668179007 3.03093636035e-20
80.132301284 3.03093636035e-20
81.6250851429 3.03093636035e-20
83.1456780577 3.03093636035e-20
84.6945980831 3.03093636035e-20
86.2723729246 3.03093636035e-20
87.8795401182 3.03093636035e-20
89.5166472138 3.03093636035e-20
91.1842519615 3.03093636035e-20
92.8829225017 3.03093636035e-20
94.6132375589 3.03093636035e-20
96.3757866384 3.03093636035e-20
98.1711702275 3.03093636035e-20
100.0 3.03093636035e-20
----------------------
EXCITATION
Surge
0.377841673741 / Thresold Energy
1.371541e-4 / mass ratio
----------------------
0.01 -0.0
0.0101862899024 -0.0
0.0103760501977 -0.0
0.0105693455356 -0.0
0.0107662417705 -0.0
0.0109668059834 -0.0
0.011171106505 -0.0
0.0113792129392 -0.0
0.011591196186 -0.0
0.0118071284667 -0.0
0.0120270833477 -0.0
0.012251135766 -0.0
0.0124793620547 -0.0
0.0127118399687 -0.0
0.0129486487115 -0.0
0.013189868962 -0.0
0.0134355829022 -0.0
0.013685874245 -0.0
0.0139408282628 -0.0
0.0142005318165 -0.0
0.0144650733852 -0.0
0.0147345430962 -0.0
0.0150090327558 -0.0
0.0152886358806 -0.0
0.0155734477293 -0.0
0.0158635653351 -0.0
0.016159087539 -0.0
0.0164601150231 -0.0
0.0167667503453 -0.0
0.0170790979739 -0.0
0.0173972643234 -0.0
0.0177213577908 -0.0
0.0180514887922 -0.0
0.0183877698008 -0.0
0.0187303153851 -0.0
0.0190792422477 -0.0
0.0194346692654 -0.0
0.0197967175295 -0.0
0.0201655103872 -0.0
0.0205411734835 -0.0
0.020923834804 -0.0
0.0213136247184 -0.0
0.0217106760254 -0.0
0.0221151239973 -0.0
0.0225271064265 -0.0
0.0229467636723 -0.0
0.0233742387089 -0.0
0.0238096771738 -0.0
0.0242532274176 -0.0
0.0247050405546 -0.0
0.0251652705141 -0.0
0.025634074093 -0.0
0.0261116110092 -0.0
0.0265980439559 -0.0
0.0270935386573 -0.0
0.0275982639247 -0.0
0.0281123917141 -0.0
0.0286360971851 -0.0
0.0291695587602 -0.0
0.0297129581858 -0.0
0.030266480594 -0.0
0.0308303145657 -0.0
0.031404652195 -0.0
0.0319896891543 -0.0
0.0325856247615 -0.0
0.0331926620473 -0.0
0.0338110078248 -0.0
0.0344408727597 -0.0
0.0350824714424 -0.0
0.0357360224607 -0.0
0.0364017484745 -0.0
0.0370798762917 -0.0
0.0377706369454 -0.0
0.0384742657726 -0.0
0.0391910024943 -0.0
0.0399210912975 -0.0
0.0406647809178 -0.0
0.0414223247248 -0.0
0.0421939808081 -0.0
0.0429800120649 -0.0
0.0437806862904 -0.0
0.0445962762682 -0.0
0.0454270598637 -0.0
0.0462733201188 -0.0
0.0471353453479 -0.0
0.0480134292365 -0.0
0.0489078709414 -0.0
0.0498189751921 -0.0
0.0507470523949 -0.0
0.0516924187389 -0.0
0.0526553963033 -0.0
0.0536363131674 -0.0
0.0546355035221 -0.0
0.0556533077843 -0.0
0.0566900727121 -0.0
0.0577461515236 -0.0
0.058821904017 -0.0
0.0599176966931 -0.0
0.0610339028803 -0.0
0.0621709028616 -0.0
0.0633290840046 -0.0
0.0645088408927 -0.0
0.0657105754604 -0.0
0.0669346971296 -0.0
0.0681816229494 -0.0
0.0694517777382 -0.0
0.0707455942282 -0.0
0.0720635132129 -0.0
0.0734059836976 -0.0
0.0747734630518 -0.0
0.0761664171655 -0.0
0.0775853206079 -0.0
0.0790306567886 -0.0
0.080502918123 -0.0
0.0820026061993 -0.0
0.0835302319503 -0.0
0.0850863158264 -0.0
0.0866713879739 -0.0
0.088285988415 -0.0
0.0899306672319 -0.0
0.0916059847544 -0.0
0.0933125117508 -0.0
0.0950508296219 -0.0
0.0968215305997 -0.0
0.0986252179487 -0.0
0.100462506172 -0.0
0.102334021219 -0.0
0.104240400702 -0.0
0.10618229411 -0.0
0.108160363031 -0.0
0.110175281379 -0.0
0.112227735621 -0.0
0.114318425013 -0.0
0.116448061837 -0.0
0.118617371645 -0.0
0.120827093504 -0.0
0.123077980251 -0.0
0.125370798744 -0.0
0.127706330131 -0.0
0.130085370109 -0.0
0.1325087292 -0.0
0.134977233023 -0.0
0.137491722581 -0.0
0.140053054539 -0.0
0.142662101526 -0.0
0.145319752424 -0.0
0.148026912674 -0.0
0.150784504586 -0.0
0.153593467651 -0.0
0.156454758862 -0.0
0.159369353038 -0.0
0.162338243161 -0.0
0.165362440709 -0.0
0.168442976004 -0.0
0.171580898561 -0.0
0.174777277446 -0.0
0.178033201643 -0.0
0.18134978042 -0.0
0.18472814371 -0.0
0.188169442497 -0.0
0.191674849206 -0.0
0.195245558102 -0.0
0.198882785699 -0.0
0.202587771174 -0.0
0.206361776786 -0.0
0.210206088313 -0.0
0.214122015482 -0.0
0.218110892419 -0.0
0.222174078106 -0.0
0.22631295684 -0.0
0.230528938705 -0.0
0.234823460055 -0.0
0.239197984002 -0.0
0.243654000913 -0.0
0.248193028919 -0.0
0.252816614433 -0.0
0.257526332677 -0.0
0.262323788216 -0.0
0.267210615508 -0.0
0.272188479458 -0.0
0.277259075986 -0.0
0.282424132608 -0.0
0.287685409019 -0.0
0.293044697697 -0.0
0.298503824512 -0.0
0.304064649347 -0.0
0.309729066733 -0.0
0.315499006496 -0.0
0.32137643441 -0.0
0.327363352872 -0.0
0.333461801579 -0.0
0.339673858227 -0.0
0.346001639219 -0.0
0.35244730038 -0.0
0.359013037701 -0.0
0.365701088078 -0.0
0.37251373008 -0.0
0.379453284724 1.52044778937e-21
0.386522116263 8.18942026598e-21
0.393722632996 1.49826289658e-20
0.401057288086 2.19023882842e-20
0.408528580393 2.89510557315e-20
0.416139055332 3.61310327358e-20
0.423891305734 4.34447654618e-20
0.431787972733 5.08947456433e-20
0.439831746665 5.8483511433e-20
0.448025367983 6.62136482665e-20
0.456371628192 7.40877897437e-20
0.464873370802 8.21086185257e-20
0.473533492292 9.02788672488e-20
0.4823549431 9.86013194556e-20
0.49134072863 1.07078810543e-19
0.50049391027 1.1571422873e-19
0.509817606442 1.24510516038e-19
0.519314993659 1.33470669296e-19
0.52898930761 1.42597741162e-19
0.538843844261 1.5189484116e-19
0.548881960979 1.61365136744e-19
0.559107077676 1.71011854372e-19
0.569522677971 1.80838280608e-19
0.580132310383 1.90847763243e-19
0.590939589534 2.01043712433e-19
0.601948197383 2.1142960186e-19
0.61316188448 2.2200896992e-19
0.624584471244 2.32785420924e-19
0.636219849266 2.43762626329e-19
0.648071982631 2.54944325987e-19
0.660144909273 2.66334329418e-19
0.672442742348 2.77936517112e-19
0.684969671636 2.89754841848e-19
0.697729964967 3.0179333004e-19
0.710727969677 3.1405608311e-19
0.723968114091 3.26547278889e-19
0.737454909026 3.39271173031e-19
0.751192949332 3.52232100473e-19
0.765186915457 3.65434476906e-19
0.77944157504 3.78882800281e-19
0.793961784538 3.92581652341e-19
0.808752490877 4.06535700182e-19
0.82381873314 4.20749697845e-19
0.839165644283 4.35228487931e-19
0.854798452884 4.49977003256e-19
0.870722484924 4.6500026853e-19
0.886943165601 4.80303402066e-19
0.903466021181 4.95891617527e-19
0.920296680876 5.11770225702e-19
0.937440878766 5.27944636314e-19
0.954904455752 5.44420359863e-19
0.972693361543 5.61203009505e-19
0.990813656686 5.78298302964e-19
1.00927151463 5.95712064478e-19
1.02807322383 6.13450226786e-19
1.04722518989 6.31518833146e-19
1.06673393773 6.49924039397e-19
1.08660611385 6.68672116056e-19
1.10684848855 6.87769450453e-19
1.12746795824 7.07222548906e-19
1.14847154784 7.2703803894e-19
1.1698664131 7.47222671544e-19
1.1916598431 7.67783323472e-19
1.21385926269 7.88726999585e-19
1.23647223505 8.10060835236e-19
1.25950646426 8.31792098702e-19
1.28296979789 8.53928193664e-19
1.30687022974 8.76476661723e-19
1.3312159025 8.99445184974e-19
1.35601511057 9.2284158862e-19
1.38127630283 9.46673843641e-19
1.4070080856 9.70950069509e-19
1.4332192255 9.95678536951e-19
1.45991865247 1.02086767077e-18
1.48711546281 1.04652605272e-18
1.51481892226 1.07266242442e-18
1.54303846918 1.09928569033e-18
1.57178371777 1.1264049208e-18
1.60106446132 1.15402935515e-18
1.63089067555 1.18216840482e-18
1.66127252203 1.21083165657e-18
1.69222035164 1.24002887576e-18
1.72374470806 1.26977000966e-18
1.75585633141 1.30006519085e-18
1.78856616188 1.33092474068e-18
1.82188534347 1.36235917276e-18
1.85582522776 1.39437919656e-18
1.89039737782 1.42699572108e-18
1.92561357213 1.46021985852e-18
1.96148580858 1.49406292809e-18
1.99802630857 1.52853645987e-18
2.03524752118 1.56365219874e-18
2.0731621274 1.59942210837e-18
2.11178304445 1.63585837529e-18
2.15112343018 1.67297341308e-18
2.19119668758 1.71077986654e-18
2.2320164693 1.74929061605e-18
2.27359668233 1.78851878194e-18
2.31595149274 1.82847772895e-18
2.35909533051 1.8691810708e-18
2.40304289441 1.9106426748e-18
2.44780915704 1.95287666662e-18
2.49340936995 1.99589743506e-18
2.53985906878 2.03971963698e-18
2.5871740786 2.08435820227e-18
2.63537051927 2.12982833895e-18
2.68446481096 2.17614553837e-18
2.73447367974 2.22332558045e-18
2.78541416324 2.27138453907e-18
2.83730361652 2.32033878756e-18
2.89015971791 2.37020500426e-18
2.9440004751 2.42100017823e-18
2.99884423123 2.47274161501e-18
3.05470967116 2.5254469425e-18
3.11161582782 2.57913411702e-18
3.16958208873 2.6338214294e-18
3.22862820254 2.68952751118e-18
3.28877428583 2.74627134102e-18
3.35004082991 2.80407225111e-18
3.41244870785 2.86294993379e-18
3.47601918154 2.92292444825e-18
3.54077390897 2.98401622735e-18
3.60673495157 3.04624608461e-18
3.6739247818 3.10963522128e-18
3.74236629072 3.17420523355e-18
3.81208279584 3.23997811995e-18
3.88309804906 3.30697628881e-18
3.95543624473 3.3752225659e-18
4.02912202795 3.44474020222e-18
4.1041805029 3.51555288191e-18
4.18063724146 3.58768473033e-18
4.25851829184 3.66116032224e-18
4.33785018756 3.73600469023e-18
4.41865995639 3.81224333323e-18
4.50097512961 3.88990222517e-18
4.58482375139 3.96900782384e-18
4.67023438833 4.04958707994e-18
4.75723613919 4.13166744622e-18
4.84585864482 4.21527688684e-18
4.93613209824 4.30044388691e-18
5.02808725494 4.3871974622e-18
5.12175544336 4.47556716899e-18
5.21716857555 4.56558311419e-18
5.31435915805 4.65727596556e-18
5.41336030297 4.75067696216e-18
5.51420573924 4.84581792501e-18
5.61692982416 4.94273126793e-18
5.72156755506 5.04145000858e-18
5.82815458123 5.14200777967e-18
5.93672721607 5.24443884051e-18
6.04732244946 5.34877808858e-18
6.15997796038 5.45506107148e-18
6.27473212971 5.56332399903e-18
6.39162405334 5.67360375561e-18
6.51069355548 5.7859379127e-18
6.63198120221 5.9003647417e-18
6.75552831533 6.01692322698e-18
6.88137698642 6.13565307915e-18
7.00957009117 6.25659474857e-18
7.14015130401 6.37978943918e-18
7.273165113 6.50527912247e-18
7.40865683494 6.63310655186e-18
7.54667263084 6.76331527717e-18
7.68725952166 6.89594965956e-18
7.8304654043 7.03105488657e-18
7.97633906793 7.16867698753e-18
8.12493021061 7.30886284927e-18
8.27628945625 7.45166023205e-18
8.43046837179 7.59711778589e-18
8.58751948485 7.74528506708e-18
8.74749630155 7.89621255511e-18
8.91045332482 8.04995166984e-18
9.07644607289 8.20655478904e-18
9.24553109823 8.36607526621e-18
9.41776600687 8.5285674488e-18
9.59320947794 8.69408669668e-18
9.77192128372 8.86268940101e-18
9.95396230998 9.03443300347e-18
10.1393945768 9.20937601583e-18
10.3282812594 9.38757803985e-18
10.5206867102 9.56909978765e-18
10.7166764803 9.75400310231e-18
10.9163173419 9.94235097902e-18
11.1196773112 1.01342075865e-17
11.3268256714 1.03296382888e-17
11.5378329963 1.05287096678e-17
11.7527711746 1.07314895456e-17
11.9717134342 1.09380470077e-17
12.194734367 1.11484524268e-17
12.4219099545 1.13627774863e-17
12.6533175939 1.15810952054e-17
12.8890361239 1.1803479963e-17
13.1291458521 1.20300075242e-17
13.3737285821 1.22607550651e-17
13.6228676414 1.24958011996e-17
13.8766479098 1.27352260063e-17
14.1351558484 1.29791110555e-17
14.3984795288 1.32275394368e-17
14.6667086634 1.3480595788e-17
14.9399346361 1.37383663235e-17
15.2182505326 1.40009388637e-17
15.5017511734 1.42684028653e-17
15.7905331447 1.45408494512e-17
16.0846948327 1.48183714418e-17
16.3843364558 1.51010633869e-17
16.6895600998 1.53890215975e-17
17.0004697521 1.56823441788e-17
17.3171713372 1.59811310636e-17
17.6397727531 1.62854840463e-17
17.9683839077 1.65955068178e-17
18.3031167562 1.69113050005e-17
18.6440853397 1.72329861845e-17
18.9914058236 1.75606599641e-17
19.3451965374 1.78944379753e-17
19.705578015 1.82344339338e-17
20.0726730356 1.85807636738e-17
20.4466066658 1.89335451871e-17
20.8275063019 1.92928986637e-17
21.2155017136 1.96589465328e-17
21.6107250881 2.0031813504e-17
22.0133110749 2.04116266105e-17
22.4233968322 2.07985152515e-17
22.841122073 2.11926112373e-17
23.2666291133 2.15940488334e-17
23.7000629201 2.20029648065e-17
24.141571161 2.24194984713e-17
24.5913042547 2.28437917377e-17
25.0494154217 2.32759891592e-17
25.5160607373 2.37162379823e-17
25.9913991838 2.41646881963e-17
26.4755927057 2.46214925851e-17
26.9688062639 2.50868067783e-17
27.4712078927 2.55607893051e-17
27.9829687566 2.60436016478e-17
28.5042632085 2.65354082969e-17
29.0352688498 2.70363768073e-17
29.5761665899 2.75466778552e-17
30.1271407088 2.80664852963e-17
30.6883789192 2.85959762251e-17
31.2600724307 2.91353310353e-17
31.842416015 2.9684733481e-17
32.4356080724 3.02443707395e-17
33.0398506987 3.08144334751e-17
33.6553497551 3.13951159038e-17
34.2823149373 3.19866158597e-17
34.9209598479 3.25891348626e-17
35.5715020682 3.32028781861e-17
36.2341632332 3.3828054928e-17
36.9091691066 3.44648780813e-17
37.5967496579 3.5113564607e-17
38.2971391405 3.57743355075e-17
39.0105761719 3.64474159028e-17
39.7373038149 3.71330351062e-17
40.47756966 3.7831426703e-17
41.2316259103 3.854282863e-17
41.9997294672 3.92674832567e-17
42.7821420177 4.00056374673e-17
43.579130124 4.07575427454e-17
44.3909653139 4.15234552597e-17
45.2179241737 4.23036359507e-17
46.060288442 4.30983506202e-17
46.9183451061 4.39078700216e-17
47.7923864994 4.47324699519e-17
48.6827104012 4.55724313464e-17
49.5896201384 4.64280403734e-17
50.5134246882 4.72995885327e-17
51.4544387839 4.81873727541e-17
52.4129830221 4.90916954991e-17
53.3893839715 5.00128648638e-17
54.3839742846 5.09511946835e-17
55.3970928111 5.19070046403e-17
56.4290847126 5.28806203714e-17
57.4803015813 5.38723735805e-17
58.5511015587 5.48826021505e-17
59.6418494584 5.59116502586e-17
60.7529168902 5.69598684939e-17
61.8846823862 5.80276139765e-17
63.0375315307 5.91152504792e-17
64.2118570906 6.02231485518e-17
65.40805915 6.13516856467e-17
66.6265452458 6.25012462482e-17
67.8677305072 6.36722220029e-17
69.1320377968 6.48650118536e-17
70.4198978545 6.60800221747e-17
71.7317494447 6.73176669112e-17
73.0680395053 6.85783677194e-17
74.4292233004 6.98625541108e-17
75.8157645752 7.11706635978e-17
77.2281357139 7.25031418438e-17
78.6668179007 7.3860442814e-17
80.132301284 7.52430289307e-17
81.6250851429 7.66513712307e-17
83.1456780577 7.80859495256e-17
84.6945980831 7.95472525657e-17
86.2723729246 8.10357782058e-17
87.8795401182 8.25520335755e-17
89.5166472138 8.40965352517e-17
91.1842519615 8.56698094346e-17
92.8829225017 8.72723921269e-17
94.6132375589 8.89048293165e-17
96.3757866384 9.05676771627e-17
98.1711702275 9.22615021851e-17
100.0 9.39868814573e-17
