BOLSIG+ version: 03/2016
Collision input data:
--------------------------------------------------
Hard                                                            
LXCat.txt
 
 
 
Angular frequency / N (m3/s)               0.000    
Cosine of E-B field angle                  0.000    
Gas temperature (K)                        293.0    
Excitation temperature (K)                 300.0    
Transition energy (eV)                     0.000    
Ionization degree                          0.000    
Plasma density (1/m3)                     0.1000E+19
Ion charge parameter                       1.000    
Ion/neutral mass ratio                     1.000    
e-e momentum effects                       1.000    
Energy sharing                             1.000    
Growth model                               1.000    
Maxwellian mean energy (eV)                0.000    
# of grid points                           500.0    
Precision                                 0.1000E-09
Convergence                               0.1000E-04
Maximum # of iterations                    1000.    
Mole fraction Hard                         1.000    
 
 
E/N (Td)    	Electric field / N (Td)                                         
0.1000	0.1000
0.1334	0.1334
0.1778	0.1778
0.2371	0.2371
0.3162	0.3162
0.4217	0.4217
0.5623	0.5623
0.7499	0.7499
1.000	1.000
1.334	1.334
1.778	1.778
2.371	2.371
3.162	3.162
4.217	4.217
5.623	5.623
7.499	7.499
10.00	10.00
13.34	13.34
17.78	17.78
23.71	23.71
31.62	31.62
42.17	42.17
56.23	56.23
74.99	74.99
100.0	100.0
 
 
E/N (Td)    	Grid type                                                       
0.1000	0.000
0.1334	3.000
0.1778	3.000
0.2371	3.000
0.3162	3.000
0.4217	3.000
0.5623	3.000
0.7499	3.000
1.000	3.000
1.334	3.000
1.778	3.000
2.371	3.000
3.162	3.000
4.217	3.000
5.623	3.000
7.499	3.000
10.00	3.000
13.34	3.000
17.78	3.000
23.71	3.000
31.62	3.000
42.17	3.000
56.23	3.000
74.99	3.000
100.0	3.000
 
 
E/N (Td)    	Maximum energy                                                  
0.1000	1000.
0.1334	1.084
0.1778	1.084
0.2371	1.297
0.3162	1.552
0.4217	2.221
0.5623	2.657
0.7499	3.179
1.000	4.550
1.334	5.444
1.778	7.792
2.371	9.323
3.162	13.34
4.217	15.95
5.623	22.77
7.499	27.20
10.00	38.77
13.34	55.25
17.78	65.93
23.71	93.89
31.62	133.7
42.17	159.5
56.23	227.0
74.99	270.8
100.0	385.3
 
 
E/N (Td)	Mean energy (eV)
0.1000	0.9640E-01
0.1334	0.1202
0.1778	0.1522
0.2371	0.1951
0.3162	0.2526
0.4217	0.3293
0.5623	0.4317
0.7499	0.5684
1.000	0.7507
1.334	0.9939
1.778	1.318
2.371	1.751
3.162	2.328
4.217	3.097
5.623	4.122
7.499	5.490
10.00	7.314
13.34	9.746
17.78	12.99
23.71	17.32
31.62	23.08
42.17	30.78
56.23	41.03
74.99	54.71
100.0	72.95
 
 
E/N (Td)	Mobility *N (1/m/V/s)
0.1000	0.1618E+26
0.1334	0.1442E+26
0.1778	0.1276E+26
0.2371	0.1124E+26
0.3162	0.9855E+25
0.4217	0.8616E+25
0.5623	0.7515E+25
0.7499	0.6543E+25
1.000	0.5689E+25
1.334	0.4942E+25
1.778	0.4289E+25
2.371	0.3721E+25
3.162	0.3226E+25
4.217	0.2797E+25
5.623	0.2423E+25
7.499	0.2100E+25
10.00	0.1819E+25
13.34	0.1576E+25
17.78	0.1365E+25
23.71	0.1182E+25
31.62	0.1024E+25
42.17	0.8867E+24
56.23	0.7679E+24
74.99	0.6650E+24
100.0	0.5759E+24
 
 
E/N (Td)	Diffusion coefficient *N (1/m/s)
0.1000	0.1157E+25
0.1334	0.1294E+25
0.1778	0.1458E+25
0.2371	0.1652E+25
0.3162	0.1881E+25
0.4217	0.2149E+25
0.5623	0.2462E+25
0.7499	0.2826E+25
1.000	0.3248E+25
1.334	0.3738E+25
1.778	0.4306E+25
2.371	0.4963E+25
3.162	0.5722E+25
4.217	0.6601E+25
5.623	0.7616E+25
7.499	0.8790E+25
10.00	0.1015E+26
13.34	0.1171E+26
17.78	0.1352E+26
23.71	0.1561E+26
31.62	0.1802E+26
42.17	0.2081E+26
56.23	0.2403E+26
74.99	0.2775E+26
100.0	0.3204E+26
 
 
E/N (Td)	Energy mobility *N (1/m/V/s)
0.1000	0.2401E+26
0.1334	0.2154E+26
0.1778	0.1916E+26
0.2371	0.1694E+26
0.3162	0.1490E+26
0.4217	0.1305E+26
0.5623	0.1141E+26
0.7499	0.9944E+25
1.000	0.8654E+25
1.334	0.7523E+25
1.778	0.6533E+25
2.371	0.5669E+25
3.162	0.4917E+25
4.217	0.4263E+25
5.623	0.3695E+25
7.499	0.3202E+25
10.00	0.2774E+25
13.34	0.2403E+25
17.78	0.2082E+25
23.71	0.1803E+25
31.62	0.1562E+25
42.17	0.1353E+25
56.23	0.1171E+25
74.99	0.1014E+25
100.0	0.8785E+24
 
 
E/N (Td)	Energy diffusion coef. D*N (1/m/s)
0.1000	0.1422E+25
0.1334	0.1581E+25
0.1778	0.1773E+25
0.2371	0.2002E+25
0.3162	0.2273E+25
0.4217	0.2591E+25
0.5623	0.2964E+25
0.7499	0.3398E+25
1.000	0.3902E+25
1.334	0.4488E+25
1.778	0.5167E+25
2.371	0.5952E+25
3.162	0.6862E+25
4.217	0.7914E+25
5.623	0.9130E+25
7.499	0.1054E+26
10.00	0.1216E+26
13.34	0.1404E+26
17.78	0.1620E+26
23.71	0.1871E+26
31.62	0.2160E+26
42.17	0.2494E+26
56.23	0.2880E+26
74.99	0.3325E+26
100.0	0.3839E+26
 
 
E/N (Td)	Total collision freq. /N (m3/s)
0.1000	0.8679E-14
0.1334	0.9706E-14
0.1778	0.1094E-13
0.2371	0.1239E-13
0.3162	0.1411E-13
0.4217	0.1612E-13
0.5623	0.1847E-13
0.7499	0.2119E-13
1.000	0.2436E-13
1.334	0.2804E-13
1.778	0.3229E-13
2.371	0.3722E-13
3.162	0.4292E-13
4.217	0.4951E-13
5.623	0.5712E-13
7.499	0.6592E-13
10.00	0.7609E-13
13.34	0.8784E-13
17.78	0.1014E-12
23.71	0.1171E-12
31.62	0.1352E-12
42.17	0.1561E-12
56.23	0.1802E-12
74.99	0.2081E-12
100.0	0.2403E-12
 
 
E/N (Td)	Momentum frequency /N (m3/s)
0.1000	0.1087E-13
0.1334	0.1220E-13
0.1778	0.1378E-13
0.2371	0.1565E-13
0.3162	0.1785E-13
0.4217	0.2041E-13
0.5623	0.2340E-13
0.7499	0.2688E-13
1.000	0.3091E-13
1.334	0.3559E-13
1.778	0.4100E-13
2.371	0.4727E-13
3.162	0.5452E-13
4.217	0.6289E-13
5.623	0.7258E-13
7.499	0.8376E-13
10.00	0.9669E-13
13.34	0.1116E-12
17.78	0.1289E-12
23.71	0.1488E-12
31.62	0.1718E-12
42.17	0.1984E-12
56.23	0.2291E-12
74.99	0.2645E-12
100.0	0.3054E-12
 
 
E/N (Td)	Power /N (eV m3/s)
0.1000	0.1618E-18
0.1334	0.2564E-18
0.1778	0.4036E-18
0.2371	0.6320E-18
0.3162	0.9855E-18
0.4217	0.1532E-17
0.5623	0.2377E-17
0.7499	0.3680E-17
1.000	0.5689E-17
1.334	0.8788E-17
1.778	0.1356E-16
2.371	0.2092E-16
3.162	0.3226E-16
4.217	0.4973E-16
5.623	0.7664E-16
7.499	0.1181E-15
10.00	0.1819E-15
13.34	0.2802E-15
17.78	0.4316E-15
23.71	0.6648E-15
31.62	0.1024E-14
42.17	0.1577E-14
56.23	0.2428E-14
74.99	0.3740E-14
100.0	0.5759E-14
 
 
E/N (Td)	Elastic power loss /N (eV m3/s)
0.1000	0.1618E-18
0.1334	0.2564E-18
0.1778	0.4036E-18
0.2371	0.6320E-18
0.3162	0.9856E-18
0.4217	0.1532E-17
0.5623	0.2377E-17
0.7499	0.3680E-17
1.000	0.5689E-17
1.334	0.8788E-17
1.778	0.1356E-16
2.371	0.2092E-16
3.162	0.3226E-16
4.217	0.4973E-16
5.623	0.7664E-16
7.499	0.1181E-15
10.00	0.1819E-15
13.34	0.2802E-15
17.78	0.4316E-15
23.71	0.6648E-15
31.62	0.1024E-14
42.17	0.1577E-14
56.23	0.2428E-14
74.99	0.3740E-14
100.0	0.5759E-14
 
 
E/N (Td)	Maximum energy
0.1000	1.084
0.1334	1.084
0.1778	1.297
0.2371	1.552
0.3162	2.221
0.4217	2.657
0.5623	3.179
0.7499	4.550
1.000	5.444
1.334	7.792
1.778	9.323
2.371	13.34
3.162	15.95
4.217	22.77
5.623	27.20
7.499	38.77
10.00	55.25
13.34	65.93
17.78	93.89
23.71	133.7
31.62	159.5
42.17	227.0
56.23	270.8
74.99	385.3
100.0	548.3
 
 
E/N (Td)	# of iterations
0.1000	6.000
0.1334	3.000
0.1778	7.000
0.2371	8.000
0.3162	11.00
0.4217	8.000
0.5623	8.000
0.7499	12.00
1.000	8.000
1.334	12.00
1.778	8.000
2.371	12.00
3.162	8.000
4.217	12.00
5.623	6.000
7.499	11.00
10.00	11.00
13.34	8.000
17.78	12.00
23.71	12.00
31.62	8.000
42.17	12.00
56.23	8.000
74.99	12.00
100.0	12.00
 
 
E/N (Td)	# of grid trials
0.1000	2.000
0.1334	1.000
0.1778	2.000
0.2371	2.000
0.3162	3.000
0.4217	2.000
0.5623	2.000
0.7499	3.000
1.000	2.000
1.334	3.000
1.778	2.000
2.371	3.000
3.162	2.000
4.217	3.000
5.623	2.000
7.499	3.000
10.00	3.000
13.34	2.000
17.78	3.000
23.71	3.000
31.62	2.000
42.17	3.000
56.23	2.000
74.99	3.000
100.0	3.000
 
 
C1    Hard    Elastic                                           
E/N (Td)	Rate coefficient (m3/s)
0.1000	0.8679E-14
0.1334	0.9706E-14
0.1778	0.1094E-13
0.2371	0.1239E-13
0.3162	0.1411E-13
0.4217	0.1612E-13
0.5623	0.1847E-13
0.7499	0.2119E-13
1.000	0.2436E-13
1.334	0.2804E-13
1.778	0.3229E-13
2.371	0.3722E-13
3.162	0.4292E-13
4.217	0.4951E-13
5.623	0.5712E-13
7.499	0.6592E-13
10.00	0.7609E-13
13.34	0.8784E-13
17.78	0.1014E-12
23.71	0.1171E-12
31.62	0.1352E-12
42.17	0.1561E-12
56.23	0.1802E-12
74.99	0.2081E-12
100.0	0.2403E-12
 
 
Hard                                                            
E/N (Td)	Inelastic energy loss coefficient (eV m3/s)
0.1000	0.000
0.1334	0.000
0.1778	0.000
0.2371	0.000
0.3162	0.000
0.4217	0.000
0.5623	0.000
0.7499	0.000
1.000	0.000
1.334	0.000
1.778	0.000
2.371	0.000
3.162	0.000
4.217	0.000
5.623	0.000
7.499	0.000
10.00	0.000
13.34	0.000
17.78	0.000
23.71	0.000
31.62	0.000
42.17	0.000
56.23	0.000
74.99	0.000
100.0	0.000
 
 
