----------------------
ELASTIC
Reid
1.371541e-4 / mass ratio
----------------------
0.001 8.347637470033372e-20
0.0010186289902446876 8.347637470033372e-20
0.0010376050197669117 8.347637470033372e-20
0.0010569345535579883 8.347637470033372e-20
0.0010766241770454933 8.347637470033372e-20
0.0010966805983368686 8.347637470033372e-20
0.0011171106505048242 8.347637470033372e-20
0.0011379212939153151 8.347637470033372e-20
0.0011591196185988858 8.347637470033372e-20
0.0011807128466661903 8.347637470033372e-20
0.001202708334768512 8.347637470033372e-20
0.001225113576604119 8.347637470033372e-20
0.0012479362054713115 8.347637470033372e-20
0.001271183996869029 8.347637470033372e-20
0.001294864871145905 8.347637470033372e-20
0.0013189868961986705 8.347637470033372e-20
0.0013435582902208262 8.347637470033372e-20
0.0013685874245025192 8.347637470033372e-20
0.0013940828262825786 8.347637470033372e-20
0.001420053181653683 8.347637470033372e-20
0.0014465073385216472 8.347637470033372e-20
0.0014734543096198358 8.347637470033372e-20
0.0015009032755797366 8.347637470033372e-20
0.0015288635880587311 8.347637470033372e-20
0.0015573447729261352 8.347637470033372e-20
0.0015863565335085897 8.347637470033372e-20
0.001615908753895919 8.347637470033372e-20
0.0016460115023085497 8.347637470033372e-20
0.0016766750345276991 8.347637470033372e-20
0.001707909797389427 8.347637470033372e-20
0.0017397264323438008 8.347637470033372e-20
0.0017721357790803584 8.347637470033372e-20
0.0018051488792211082 8.347637470033372e-20
0.0018387769800823268 8.347637470033372e-20
0.0018730315385064365 8.347637470033372e-20
0.001907924224765265 8.347637470033372e-20
0.0019434669265360202 8.347637470033372e-20
0.0019796717529513325 8.347637470033372e-20
0.0020165510387247466 8.347637470033372e-20
0.002054117348353064 8.347637470033372e-20
0.002092383480396977 8.347637470033372e-20
0.002131362471841438 8.347637470033372e-20
0.002171067602537265 8.347637470033372e-20
0.002211512399725489 8.347637470033372e-20
0.0022527106426459805 8.347637470033372e-20
0.002294676367231936 8.347637470033372e-20
0.0023374238708918148 8.347637470033372e-20
0.002380967717380358 8.347637470033372e-20
0.002425322741760353 8.347637470033372e-20
0.0024705040554568254 8.347637470033372e-20
0.002516527051405392 8.347637470033372e-20
0.002563407409296515 8.347637470033372e-20
0.0026111611009174596 8.347637470033372e-20
0.0026598043955937583 8.347637470033372e-20
0.0027093538657320514 8.347637470033372e-20
0.0027598263924661806 8.347637470033372e-20
0.0028112391714084643 8.347637470033372e-20
0.002863609718508116 8.347637470033372e-20
0.002916955876018796 8.347637470033372e-20
0.002971295818577334 8.347637470033372e-20
0.003026648059395692 8.347637470033372e-20
0.003083031456568277 8.347637470033372e-20
0.003140465219496752 8.347637470033372e-20
0.0031989689154345376 8.347637470033372e-20
0.0032585624761532262 8.347637470033372e-20
0.0033192662047331896 8.347637470033372e-20
0.0033811007824806854 8.347637470033372e-20
0.0034440872759738234 8.347637470033372e-20
0.0035082471442397923 8.347637470033372e-20
0.0035736022460657883 8.347637470033372e-20
0.0036401748474461414 8.347637470033372e-20
0.0037079876291681727 8.347637470033372e-20
0.0037770636945393646 8.347637470033372e-20
0.003847426577258506 8.347637470033372e-20
0.003919100249433402 8.347637470033372e-20
0.003992109129748053 8.347637470033372e-20
0.004066478091781854 8.347637470033372e-20
0.0041422324724838975 8.347637470033372e-20
0.004219398080805024 8.347637470033372e-20
0.0042980012064907985 8.347637470033372e-20
0.004378068629038167 8.347637470033372e-20
0.004459627626819096 8.347637470033372e-20
0.0045427059863740425 8.347637470033372e-20
0.004627332011878693 8.347637470033372e-20
0.004713534534786907 8.347637470033372e-20
0.00480134292365345 8.347637470033372e-20
0.00489078709413959 8.347637470033372e-20
0.00498189751920516 8.347637470033372e-20
0.005074705239490466 8.347637470033372e-20
0.005169241873891599 8.347637470033372e-20
0.005265539630332755 8.347637470033372e-20
0.00536363131673924 8.347637470033372e-20
0.0054635503522148755 8.347637470033372e-20
0.005565330778427646 8.347637470033372e-20
0.005669007271207434 8.347637470033372e-20
0.0057746151523598195 8.347637470033372e-20
0.005882190401699956 8.347637470033372e-20
0.005991769669310619 8.347637470033372e-20
0.006103390288028621 8.347637470033372e-20
0.006217090286163827 8.347637470033372e-20
0.006332908400455114 8.347637470033372e-20
0.006450884089267693 8.347637470033372e-20
0.006571057546036271 8.347637470033372e-20
0.0066934697129586605 8.347637470033372e-20
0.0068181622949444794 8.347637470033372e-20
0.006945177773823696 8.347637470033372e-20
0.007074559422819878 8.347637470033372e-20
0.007206351321293053 8.347637470033372e-20
0.007340598369757212 8.347637470033372e-20
0.007477346305177588 8.347637470033372e-20
0.007616641716552892 8.347637470033372e-20
0.007758532060787836 8.347637470033372e-20
0.007903065678861348 8.347637470033372e-20
0.008050291812295982 8.347637470033372e-20
0.008200260619934131 8.347637470033372e-20
0.008353023195026779 8.347637470033372e-20
0.008508631582640582 8.347637470033372e-20
0.008667138797389234 8.347637470033372e-20
0.00882859884149515 8.347637470033372e-20
0.008993066723187624 8.347637470033372e-20
0.00916059847544371 8.347637470033372e-20
0.00933125117507825 8.347637470033372e-20
0.009505082962189512 8.347637470033372e-20
0.009682153059967075 8.347637470033372e-20
0.009862521794868784 8.347637470033372e-20
0.010046250617173407 8.347637470033372e-20
0.010233402121916417 8.347637470033372e-20
0.010424040070215563 8.347637470033372e-20
0.010618229410993841 8.347637470033372e-20
0.0108160363031071 8.347637470033372e-20
0.011017528137883868 8.347637470033372e-20
0.011222773562085077 8.347637470033372e-20
0.011431842501291497 8.347637470033372e-20
0.01164480618372686 8.347637470033372e-20
0.011861737164524785 8.347637470033372e-20
0.012082709350447765 8.347637470033372e-20
0.012307798025066652 8.347637470033372e-20
0.012537079874409203 8.347637470033372e-20
0.01277063301308644 8.347637470033372e-20
0.013008537010905713 8.347637470033372e-20
0.013250872919979532 8.347637470033372e-20
0.013497723302339417 8.347637470033372e-20
0.01374917225806419 8.347637470033372e-20
0.014005305453932197 8.347637470033372e-20
0.014266210152607369 8.347637470033372e-20
0.014531975242368954 8.347637470033372e-20
0.014802691267395087 8.347637470033372e-20
0.01507845045861051 8.347637470033372e-20
0.01535934676510897 8.347637470033372e-20
0.01564547588616096 8.347637470033372e-20
0.015936935303817745 8.347637470033372e-20
0.01623382431612278 8.347637470033372e-20
0.016536244070941803 8.347637470033372e-20
0.016844297600423153 8.347637470033372e-20
0.01715808985610005 8.347637470033372e-20
0.017477727744646808 8.347637470033372e-20
0.01780332016430114 8.347637470033372e-20
0.018134978041964952 8.347637470033372e-20
0.018472814370996342 8.347637470033372e-20
0.018816944249705557 8.347637470033372e-20
0.01916748492056815 8.347637470033372e-20
0.01952455581016861 8.347637470033372e-20
0.019888278569888097 8.347637470033372e-20
0.02025877711735017 8.347637470033372e-20
0.02063617767863859 8.347637470033372e-20
0.021020608831301583 8.347637470033372e-20
0.021412201548157293 8.347637470033372e-20
0.021811089241915188 8.347637470033372e-20
0.022217407810628836 8.347637470033372e-20
0.022631295683995283 8.347637470033372e-20
0.023052893870517073 8.347637470033372e-20
0.02348234600554275 8.347637470033372e-20
0.023919798400202384 8.347637470033372e-20
0.02436540009125465 8.347637470033372e-20
0.02481930289186254 8.347637470033372e-20
0.025281661443314993 8.347637470033372e-20
0.025752633267712 8.347637470033372e-20
0.026232378821631222 8.347637470033372e-20
0.026721061550794338 8.347637470033372e-20
0.027218847945751783 8.347637470033372e-20
0.027725907598604826 8.347637470033372e-20
0.028242413260784343 8.347637470033372e-20
0.028768540901905927 8.347637470033372e-20
0.02930446976972143 8.347637470033372e-20
0.029850382451187308 8.347637470033372e-20
0.030406464934670672 8.347637470033372e-20
0.030972906673314083 8.347637470033372e-20
0.03154990064958087 8.347637470033372e-20
0.03213764344100277 8.347637470033372e-20
0.03273633528715246 8.347637470033372e-20
0.03334618015786364 8.347637470033372e-20
0.03396738582272208 8.347637470033372e-20
0.034600163921851085 8.347637470033372e-20
0.03524473003801584 8.347637470033372e-20
0.03590130377007068 8.347637470033372e-20
0.03657010880777489 8.347637470033372e-20
0.037251373008002096 8.347637470033372e-20
0.03794532847236938 8.347637470033372e-20
0.03865221162631262 8.347637470033372e-20
0.039372263299634794 8.347637470033372e-20
0.04010572880855496 8.347637470033372e-20
0.040852858039285615 8.347637470033372e-20
0.04161390553316707 8.347637470033372e-20
0.042389130573387786 8.347637470033372e-20
0.04317879727332021 8.347637470033372e-20
0.043983174666502235 8.347637470033372e-20
0.0448025367982949 8.347637470033372e-20
0.04563716281924759 8.347637470033372e-20
0.04648733708020256 8.347637470033372e-20
0.047353349229171164 8.347637470033372e-20
0.04823549431001467 8.347637470033372e-20
0.04913407286296362 8.347637470033372e-20
0.05004939102700953 8.347637470033372e-20
0.050981760644204246 8.347637470033372e-20
0.05193149936590212 8.347637470033372e-20
0.05289893076098151 8.347637470033372e-20
0.05388438442608224 8.347637470033372e-20
0.05488819609789672 8.347637470033372e-20
0.0559107077675529 8.347637470033372e-20
0.05695226779712822 8.347637470033372e-20
0.05801323103833375 8.347637470033372e-20
0.05909395895340968 8.347637470033372e-20
0.06019481973827271 8.347637470033372e-20
0.06131618844795772 8.347637470033372e-20
0.062458447124396146 8.347637470033372e-20
0.06362198492657485 8.347637470033372e-20
0.06480719826311968 8.347637470033372e-20
0.06601449092734886 8.347637470033372e-20
0.06724427423484246 8.347637470033372e-20
0.06849696716357444 8.347637470033372e-20
0.06977299649665535 8.347637470033372e-20
0.07107279696773415 8.347637470033372e-20
0.07239681140910874 8.347637470033372e-20
0.0737454909025955 8.347637470033372e-20
0.07511929493320965 8.347637470033372e-20
0.07651869154570821 8.347637470033372e-20
0.07794415750404947 8.347637470033372e-20
0.0793961784538228 8.347637470033372e-20
0.08087524908770453 8.347637470033372e-20
0.08238187331399606 8.347637470033372e-20
0.08391656442830157 8.347637470033372e-20
0.08547984528840409 8.347637470033372e-20
0.08707224849239917 8.347637470033372e-20
0.08869431656014709 8.347637470033372e-20
0.09034660211810525 8.347637470033372e-20
0.0920296680876041 8.347637470033372e-20
0.09374408787662991 8.347637470033372e-20
0.09549044557518077 8.347637470033372e-20
0.09726933615426168 8.347637470033372e-20
0.09908136566858666 8.347637470033372e-20
0.10092715146305709 8.347637470033372e-20
0.10280732238308647 8.347637470033372e-20
0.10472251898884344 8.347637470033372e-20
0.10667339377348571 8.347637470033372e-20
0.10866061138545968 8.347637470033372e-20
0.1106848488549412 8.347637470033372e-20
0.11274679582449461 8.347637470033372e-20
0.1148471547840289 8.347637470033372e-20
0.11698664131013069 8.347637470033372e-20
0.11916598430985588 8.347637470033372e-20
0.12138592626906278 8.347637470033372e-20
0.12364722350537151 8.347637470033372e-20
0.12595064642583575 8.347637470033372e-20
0.12829697978941476 8.347637470033372e-20
0.13068702297433463 8.347637470033372e-20
0.13312159025043077 8.347637470033372e-20
0.13560151105656335 8.347637470033372e-20
0.13812763028320094 8.347637470033372e-20
0.1407008085602685 8.347637470033372e-20
0.1433219225503574 8.347637470033372e-20
0.14599186524739785 8.347637470033372e-20
0.14871154628089536 8.347637470033372e-20
0.15148189222583458 8.347637470033372e-20
0.15430384691835647 8.347637470033372e-20
0.15717837177731628 8.347637470033372e-20
0.16010644613183178 8.347637470033372e-20
0.16308906755493327 8.347637470033372e-20
0.1661272522034293 8.347637470033372e-20
0.16922203516410372 8.347637470033372e-20
0.17237447080636198 8.347637470033372e-20
0.17558563314144687 8.347637470033372e-20
0.1788566161883462 8.347637470033372e-20
0.18218853434651652 8.347637470033372e-20
0.1855825227755517 8.347637470033372e-20
0.18903973778192196 8.347637470033372e-20
0.19256135721291967 8.347637470033372e-20
0.19614858085794293 8.347637470033372e-20
0.19980263085725486 8.347637470033372e-20
0.20352475211835758 8.347637470033372e-20
0.2073162127401229 8.347637470033372e-20
0.21117830444482422 8.347637470033372e-20
0.2151123430182165 8.347637470033372e-20
0.21911966875781475 8.347637470033372e-20
0.22320164692952324 8.347637470033372e-20
0.2273596682327715 8.347637470033372e-20
0.2315951492743152 8.347637470033372e-20
0.23590953305086337 8.347637470033372e-20
0.2403042894406967 8.347637470033372e-20
0.24478091570444402 8.347637470033372e-20
0.24934093699518778 8.347637470033372e-20
0.2539859068780724 8.347637470033372e-20
0.25871740785959213 8.347637470033372e-20
0.2635370519267393 8.347637470033372e-20
0.26844648109619623 8.347637470033372e-20
0.27344736797375796 8.347637470033372e-20
0.2785414163241766 8.347637470033372e-20
0.28373036165162113 8.347637470033372e-20
0.28901597179095084 8.347637470033372e-20
0.29440004751000337 8.347637470033372e-20
0.29988442312310276 8.347637470033372e-20
0.3054709671159968 8.347637470033372e-20
0.311161582782436 8.347637470033372e-20
0.3169582088726115 8.347637470033372e-20
0.322862820253673 8.347637470033372e-20
0.32887742858255103 8.347637470033372e-20
0.3350040829913133 8.347637470033372e-20
0.3412448707852889 8.347637470033372e-20
0.3476019181541978 8.347637470033372e-20
0.35407739089652696 8.347637470033372e-20
0.3606734951574028 8.347637470033372e-20
0.3673924781802074 8.347637470033372e-20
0.37423662907219807 8.347637470033372e-20
0.3812082795843888 8.347637470033372e-20
0.3883098049059605 8.347637470033372e-20
0.39554362447347013 8.347637470033372e-20
0.4029122027951348 8.347637470033372e-20
0.4104180502904709 8.347637470033372e-20
0.4180637241455758 8.347637470033372e-20
0.42585182918434145 8.347637470033372e-20
0.4337850187558989 8.347637470033372e-20
0.44186599563859413 8.347637470033372e-20
0.45009751296080464 8.347637470033372e-20
0.4584823751389096 8.347637470033372e-20
0.46702343883273306 8.347637470033372e-20
0.4757236139187885 8.347637470033372e-20
0.4845858644816491 8.347637470033372e-20
0.4936132098237912 8.347637470033372e-20
0.5028087254942475 8.347637470033372e-20
0.5121755443364236 8.347637470033372e-20
0.5217168575554344 8.347637470033372e-20
0.5314359158053236 8.347637470033372e-20
0.5413360302965375 8.347637470033372e-20
0.5514205739240297 8.347637470033372e-20
0.5616929824163804 8.347637470033372e-20
0.5721567555063246 8.347637470033372e-20
0.582815458123084 8.347637470033372e-20
0.593672721606912 8.347637470033372e-20
0.6047322449462643 8.347637470033372e-20
0.6159977960380162 8.347637470033372e-20
0.6274732129711574 8.347637470033372e-20
0.6391624053343999 8.347637470033372e-20
0.6510693555481455 8.347637470033372e-20
0.6631981202212669 8.347637470033372e-20
0.6755528315331639 8.347637470033372e-20
0.6881376986415663 8.347637470033372e-20
0.7009570091165618 8.347637470033372e-20
0.7140151304013396 8.347637470033372e-20
0.7273165113001454 8.347637470033372e-20
0.740865683493956 8.347637470033372e-20
0.7546672630843887 8.347637470033372e-20
0.7687259521663729 8.347637470033372e-20
0.7830465404301183 8.347637470033372e-20
0.7976339067929273 8.347637470033372e-20
0.8124930210614048 8.347637470033372e-20
0.8276289456246344 8.347637470033372e-20
0.8430468371788967 8.347637470033372e-20
0.8587519484845171 8.347637470033372e-20
0.8747496301554415 8.347637470033372e-20
0.8910453324821513 8.347637470033372e-20
0.9076446072885357 8.347637470033372e-20
0.924553109823357 8.347637470033372e-20
0.9417766006869519 8.347637470033372e-20
0.9593209477938242 8.347637470033372e-20
0.9771921283717997 8.347637470033372e-20
0.9953962309984233 8.347637470033372e-20
1.0139394576752918 8.347637470033372e-20
1.0328281259410286 8.347637470033372e-20
1.052068671023623 8.347637470033372e-20
1.0716676480328633 8.347637470033372e-20
1.0916317341936148 8.347637470033372e-20
1.111967731120699 8.347637470033372e-20
1.1326825671361538 8.347637470033372e-20
1.1537832996296609 8.347637470033372e-20
1.1752771174629453 8.347637470033372e-20
1.1971713434189657 8.347637470033372e-20
1.219473436696737 8.347637470033372e-20
1.2421909954526162 8.347637470033372e-20
1.2653317593889417 8.347637470033372e-20
1.2889036123908915 8.347637470033372e-20
1.312914585212464 8.347637470033372e-20
1.337372858212495 8.347637470033372e-20
1.3622867641416454 8.347637470033372e-20
1.3876647909813071 8.347637470033372e-20
1.4135155848353942 8.347637470033372e-20
1.4398479528760066 8.347637470033372e-20
1.4666708663439672 8.347637470033372e-20
1.4939934636052563 8.347637470033372e-20
1.5218250532643856 8.347637470033372e-20
1.5501751173357687 8.347637470033372e-20
1.5790533144741743 8.347637470033372e-20
1.6084694832653552 8.347637470033372e-20
1.638433645577983 8.347637470033372e-20
1.6689560099780232 8.347637470033372e-20
1.7000469752067164 8.347637470033372e-20
1.7317171337233528 8.347637470033372e-20
1.7639772753140435 8.347637470033372e-20
1.7968383907677192 8.347637470033372e-20
1.8303116756206113 8.347637470033372e-20
1.8644085339704852 8.347637470033372e-20
1.8991405823619336 8.347637470033372e-20
1.9345196537440443 8.347637470033372e-20
1.9705578015017984 8.347637470033372e-20
2.007267303562568 8.347637470033372e-20
2.044660666579116 8.347637470033372e-20
2.0827506301905143 8.347637470033372e-20
2.12155017136245 8.347637470033372e-20
2.1610725088083766 8.347637470033372e-20
2.20133110749303 8.347637470033372e-20
2.242339683219845 8.347637470033372e-20
2.2841122073038234 8.347637470033372e-20
2.326662911331458 8.347637470033372e-20
2.370006292009328 8.347637470033372e-20
2.4141571161030178 8.347637470033372e-20
2.459130425468044 8.347637470033372e-20
2.5049415421745023 8.347637470033372e-20
2.551606073727184 8.347637470033372e-20
2.599139918382933 8.347637470033372e-20
2.6475592705670667 8.347637470033372e-20
2.6968806263906924 8.347637470033372e-20
2.7471207892708116 8.347637470033372e-20
2.7982968756551156 8.347637470033372e-20
2.8504263208534346 8.347637470033372e-20
2.903526884977814 8.347637470033372e-20
2.9576166589932535 8.347637470033372e-20
3.0127140708811644 8.347637470033372e-20
3.0688378919176422 8.347637470033372e-20
3.1260072430687003 8.347637470033372e-20
3.1842416015046497 8.347637470033372e-20
3.243560807235808 8.347637470033372e-20
3.303985069871855 8.347637470033372e-20
3.365534975507091 8.347637470033372e-20
3.4282314937339673 8.347637470033372e-20
3.4920959847872677 8.347637470033372e-20
3.5571502068213823 8.347637470033372e-20
3.6234163233231462 8.347637470033372e-20
3.6909169106627746 8.347637470033372e-20
3.7596749657854636 8.347637470033372e-20
3.8297139140462773 8.347637470033372e-20
3.901057617190989 8.347637470033372e-20
3.973730381485604 8.347637470033372e-20
4.047756965997318 8.347637470033372e-20
4.1231625910297485 8.347637470033372e-20
4.1999729467153015 8.347637470033372e-20
4.278214201767613 8.347637470033372e-20
4.3579130123970256 8.347637470033372e-20
4.439096531392167 8.347637470033372e-20
4.521792417370698 8.347637470033372e-20
4.606028844202398 8.347637470033372e-20
4.691834510607794 8.347637470033372e-20
4.779238649935595 8.347637470033372e-20
4.868271040122279 8.347637470033372e-20
4.958962013837212 8.347637470033372e-20
5.051342468816761 8.347637470033372e-20
5.145443878390925 8.347637470033372e-20
5.241298302206056 8.347637470033372e-20
5.33893839714735 8.347637470033372e-20
5.438397428464796 8.347637470033372e-20
5.539709281106401 8.347637470033372e-20
5.642908471262537 8.347637470033372e-20
5.748030158125351 8.347637470033372e-20
5.855110155867238 8.347637470033372e-20
5.96418494584246 8.347637470033372e-20
6.075291689016071 8.347637470033372e-20
6.188468238624383 8.347637470033372e-20
6.303753153071275 8.347637470033372e-20
6.421185709064758 8.347637470033372e-20
6.540805914998253 8.347637470033372e-20
6.66265452458115 8.347637470033372e-20
6.786773050723295 8.347637470033372e-20
6.913203779678128 8.347637470033372e-20
7.041989785449289 8.347637470033372e-20
7.173174944465613 8.347637470033372e-20
7.3068039505295 8.347637470033372e-20
7.442922330043758 8.347637470033372e-20
7.58157645752211 8.347637470033372e-20
7.7228135713886426 8.347637470033372e-20
7.866681790071582 8.347637470033372e-20
8.013230128396879 8.347637470033372e-20
8.16250851428722 8.347637470033372e-20
8.314567805772056 8.347637470033372e-20
8.469459808314577 8.347637470033372e-20
8.62723729246144 8.347637470033372e-20
8.787954011821311 8.347637470033372e-20
8.951664721378293 8.347637470033372e-20
9.118425196146562 8.347637470033372e-20
9.28829225017249 8.347637470033372e-20
9.46132375589076 8.347637470033372e-20
9.63757866384108 8.347637470033372e-20
9.817117022752184 8.347637470033372e-20
10.0 8.347637470033372e-20
----------------------
EXCITATION
Reid
0.1240660283456155 / Thresold Energy
1.371541e-4 / mass ratio
----------------------
0.001 -0.0
0.0010186289902446876 -0.0
0.0010376050197669117 -0.0
0.0010569345535579883 -0.0
0.0010766241770454933 -0.0
0.0010966805983368686 -0.0
0.0011171106505048242 -0.0
0.0011379212939153151 -0.0
0.0011591196185988858 -0.0
0.0011807128466661903 -0.0
0.001202708334768512 -0.0
0.001225113576604119 -0.0
0.0012479362054713115 -0.0
0.001271183996869029 -0.0
0.001294864871145905 -0.0
0.0013189868961986705 -0.0
0.0013435582902208262 -0.0
0.0013685874245025192 -0.0
0.0013940828262825786 -0.0
0.001420053181653683 -0.0
0.0014465073385216472 -0.0
0.0014734543096198358 -0.0
0.0015009032755797366 -0.0
0.0015288635880587311 -0.0
0.0015573447729261352 -0.0
0.0015863565335085897 -0.0
0.001615908753895919 -0.0
0.0016460115023085497 -0.0
0.0016766750345276991 -0.0
0.001707909797389427 -0.0
0.0017397264323438008 -0.0
0.0017721357790803584 -0.0
0.0018051488792211082 -0.0
0.0018387769800823268 -0.0
0.0018730315385064365 -0.0
0.001907924224765265 -0.0
0.0019434669265360202 -0.0
0.0019796717529513325 -0.0
0.0020165510387247466 -0.0
0.002054117348353064 -0.0
0.002092383480396977 -0.0
0.002131362471841438 -0.0
0.002171067602537265 -0.0
0.002211512399725489 -0.0
0.0022527106426459805 -0.0
0.002294676367231936 -0.0
0.0023374238708918148 -0.0
0.002380967717380358 -0.0
0.002425322741760353 -0.0
0.0024705040554568254 -0.0
0.002516527051405392 -0.0
0.002563407409296515 -0.0
0.0026111611009174596 -0.0
0.0026598043955937583 -0.0
0.0027093538657320514 -0.0
0.0027598263924661806 -0.0
0.0028112391714084643 -0.0
0.002863609718508116 -0.0
0.002916955876018796 -0.0
0.002971295818577334 -0.0
0.003026648059395692 -0.0
0.003083031456568277 -0.0
0.003140465219496752 -0.0
0.0031989689154345376 -0.0
0.0032585624761532262 -0.0
0.0033192662047331896 -0.0
0.0033811007824806854 -0.0
0.0034440872759738234 -0.0
0.0035082471442397923 -0.0
0.0035736022460657883 -0.0
0.0036401748474461414 -0.0
0.0037079876291681727 -0.0
0.0037770636945393646 -0.0
0.003847426577258506 -0.0
0.003919100249433402 -0.0
0.003992109129748053 -0.0
0.004066478091781854 -0.0
0.0041422324724838975 -0.0
0.004219398080805024 -0.0
0.0042980012064907985 -0.0
0.004378068629038167 -0.0
0.004459627626819096 -0.0
0.0045427059863740425 -0.0
0.004627332011878693 -0.0
0.004713534534786907 -0.0
0.00480134292365345 -0.0
0.00489078709413959 -0.0
0.00498189751920516 -0.0
0.005074705239490466 -0.0
0.005169241873891599 -0.0
0.005265539630332755 -0.0
0.00536363131673924 -0.0
0.0054635503522148755 -0.0
0.005565330778427646 -0.0
0.005669007271207434 -0.0
0.0057746151523598195 -0.0
0.005882190401699956 -0.0
0.005991769669310619 -0.0
0.006103390288028621 -0.0
0.006217090286163827 -0.0
0.006332908400455114 -0.0
0.006450884089267693 -0.0
0.006571057546036271 -0.0
0.0066934697129586605 -0.0
0.0068181622949444794 -0.0
0.006945177773823696 -0.0
0.007074559422819878 -0.0
0.007206351321293053 -0.0
0.007340598369757212 -0.0
0.007477346305177588 -0.0
0.007616641716552892 -0.0
0.007758532060787836 -0.0
0.007903065678861348 -0.0
0.008050291812295982 -0.0
0.008200260619934131 -0.0
0.008353023195026779 -0.0
0.008508631582640582 -0.0
0.008667138797389234 -0.0
0.00882859884149515 -0.0
0.008993066723187624 -0.0
0.00916059847544371 -0.0
0.00933125117507825 -0.0
0.009505082962189512 -0.0
0.009682153059967075 -0.0
0.009862521794868784 -0.0
0.010046250617173407 -0.0
0.010233402121916417 -0.0
0.010424040070215563 -0.0
0.010618229410993841 -0.0
0.0108160363031071 -0.0
0.011017528137883868 -0.0
0.011222773562085077 -0.0
0.011431842501291497 -0.0
0.01164480618372686 -0.0
0.011861737164524785 -0.0
0.012082709350447765 -0.0
0.012307798025066652 -0.0
0.012537079874409203 -0.0
0.01277063301308644 -0.0
0.013008537010905713 -0.0
0.013250872919979532 -0.0
0.013497723302339417 -0.0
0.01374917225806419 -0.0
0.014005305453932197 -0.0
0.014266210152607369 -0.0
0.014531975242368954 -0.0
0.014802691267395087 -0.0
0.01507845045861051 -0.0
0.01535934676510897 -0.0
0.01564547588616096 -0.0
0.015936935303817745 -0.0
0.01623382431612278 -0.0
0.016536244070941803 -0.0
0.016844297600423153 -0.0
0.01715808985610005 -0.0
0.017477727744646808 -0.0
0.01780332016430114 -0.0
0.018134978041964952 -0.0
0.018472814370996342 -0.0
0.018816944249705557 -0.0
0.01916748492056815 -0.0
0.01952455581016861 -0.0
0.019888278569888097 -0.0
0.02025877711735017 -0.0
0.02063617767863859 -0.0
0.021020608831301583 -0.0
0.021412201548157293 -0.0
0.021811089241915188 -0.0
0.022217407810628836 -0.0
0.022631295683995283 -0.0
0.023052893870517073 -0.0
0.02348234600554275 -0.0
0.023919798400202384 -0.0
0.02436540009125465 -0.0
0.02481930289186254 -0.0
0.025281661443314993 -0.0
0.025752633267712 -0.0
0.026232378821631222 -0.0
0.026721061550794338 -0.0
0.027218847945751783 -0.0
0.027725907598604826 -0.0
0.028242413260784343 -0.0
0.028768540901905927 -0.0
0.02930446976972143 -0.0
0.029850382451187308 -0.0
0.030406464934670672 -0.0
0.030972906673314083 -0.0
0.03154990064958087 -0.0
0.03213764344100277 -0.0
0.03273633528715246 -0.0
0.03334618015786364 -0.0
0.03396738582272208 -0.0
0.034600163921851085 -0.0
0.03524473003801584 -0.0
0.03590130377007068 -0.0
0.03657010880777489 -0.0
0.037251373008002096 -0.0
0.03794532847236938 -0.0
0.03865221162631262 -0.0
0.039372263299634794 -0.0
0.04010572880855496 -0.0
0.040852858039285615 -0.0
0.04161390553316707 -0.0
0.042389130573387786 -0.0
0.04317879727332021 -0.0
0.043983174666502235 -0.0
0.0448025367982949 -0.0
0.04563716281924759 -0.0
0.04648733708020256 -0.0
0.047353349229171164 -0.0
0.04823549431001467 -0.0
0.04913407286296362 -0.0
0.05004939102700953 -0.0
0.050981760644204246 -0.0
0.05193149936590212 -0.0
0.05289893076098151 -0.0
0.05388438442608224 -0.0
0.05488819609789672 -0.0
0.0559107077675529 -0.0
0.05695226779712822 -0.0
0.05801323103833375 -0.0
0.05909395895340968 -0.0
0.06019481973827271 -0.0
0.06131618844795772 -0.0
0.062458447124396146 -0.0
0.06362198492657485 -0.0
0.06480719826311968 -0.0
0.06601449092734886 -0.0
0.06724427423484246 -0.0
0.06849696716357444 -0.0
0.06977299649665535 -0.0
0.07107279696773415 -0.0
0.07239681140910874 -0.0
0.0737454909025955 -0.0
0.07511929493320965 -0.0
0.07651869154570821 -0.0
0.07794415750404947 -0.0
0.0793961784538228 -0.0
0.08087524908770453 -0.0
0.08238187331399606 -0.0
0.08391656442830157 -0.0
0.08547984528840409 -0.0
0.08707224849239917 -0.0
0.08869431656014709 -0.0
0.09034660211810525 -0.0
0.0920296680876041 -0.0
0.09374408787662991 -0.0
0.09549044557518077 -0.0
0.09726933615426168 -0.0
0.09908136566858666 -0.0
0.10092715146305709 -0.0
0.10280732238308647 -0.0
0.10472251898884344 -0.0
0.10667339377348571 -0.0
0.10866061138545968 -0.0
0.1106848488549412 -0.0
0.11274679582449461 -0.0
0.1148471547840289 -0.0
0.11698664131013069 -0.0
0.11916598430985588 -0.0
0.12138592626906278 -0.0
0.12364722350537151 -0.0
0.12595064642583575 5.400405771227248e-22
0.12829697978941476 1.2123864688916425e-21
0.13068702297433463 1.897257485719368e-21
0.13312159025043077 2.5948869580384534e-21
0.13560151105656335 3.3055125629917772e-21
0.13812763028320094 4.029376405407395e-21
0.1407008085602685 4.766725100281864e-21
0.1433219225503574 5.5178098568000755e-21
0.14599186524739785 6.282886563920399e-21
0.14871154628089536 7.062215877554107e-21
0.15148189222583458 7.856063309368901e-21
0.15430384691835647 8.66469931724674e-21
0.15717837177731628 9.488399397426834e-21
0.16010644613183178 1.0327444178365156e-20
0.16308906755493327 1.1182119516342434e-20
0.1661272522034293 1.2052716592853262e-20
0.16922203516410372 1.2939532013809462e-20
0.17237447080636198 1.3842867910591496e-20
0.17558563314144687 1.4763032042982358e-20
0.1788566161883462 1.570033790401905e-20
0.18218853434651652 1.665510482679722e-20
0.1855825227755517 1.762765809326583e-20
0.18903973778192196 1.8618329045047922e-20
0.19256135721291967 1.962745519632646e-20
0.19614858085794293 2.065538034883282e-20
0.19980263085725486 2.1702454708977494e-20
0.20352475211835758 2.276903500716277e-20
0.2073162127401229 2.385548461931811e-20
0.21117830444482422 2.4962173690699635e-20
0.2151123430182165 2.608947926199583e-20
0.21911966875781475 2.723778539778249e-20
0.22320164692952324 2.840748331737063e-20
0.2273596682327715 2.9598971528092e-20
0.2315951492743152 3.081265596106757e-20
0.23590953305086337 3.2048950109505166e-20
0.2403042894406967 3.3308275169573574e-20
0.24478091570444402 3.4591060183900884e-20
0.24934093699518778 3.589774218774613e-20
0.2539859068780724 3.722876635789391e-20
0.25871740785959213 3.858458616432283e-20
0.2635370519267393 3.9965663524699264e-20
0.26844648109619623 4.13724689617493e-20
0.27344736797375796 4.280548176356232e-20
0.2785414163241766 4.426519014688084e-20
0.28373036165162113 4.5752091423432274e-20
0.28901597179095084 4.72666921693594e-20
0.29440004751000337 4.880950839780701e-20
0.29988442312310276 5.0381065734723703e-20
0.3054709671159968 5.198189959793879e-20
0.311161582782436 5.3612555379575085e-20
0.3169582088726115 5.527358863185991e-20
0.322862820253673 5.696556525639765e-20
0.32887742858255103 5.868906169696817e-20
0.3350040829913133 6.04446651359168e-20
0.3412448707852889 6.223297369420315e-20
0.3476019181541978 6.405459663517632e-20
0.35407739089652696 6.591015457214636e-20
0.3606734951574028 6.780027967982269e-20
0.3673924781802074 6.972561590969115e-20
0.37423662907219807 7.168681920940357e-20
0.3812082795843888 7.36845577462542e-20
0.3883098049059605 7.571951213481924e-20
0.39554362447347013 7.779237566883721e-20
0.4029122027951348 7.990385455740903e-20
0.4104180502904709 8.205466816559788e-20
0.4180637241455758 8.424554925951184e-20
0.42585182918434145 8.647724425595158e-20
0.4337850187558989 8.875051347670912e-20
0.44186599563859413 9.106613140760371e-20
0.45009751296080464 9.342488696234335e-20
0.4584823751389096 9.582758375130184e-20
0.46702343883273306 9.827504035530264e-20
0.4757236139187885 1.0076809060450378e-19
0.4845858644816491 1.0330758386247684e-19
0.4936132098237912 1.0589438531557911e-19
0.5028087254942475 1.0852937626771616e-19
0.5121755443364236 1.1121345444059544e-19
0.5217168575554344 1.1394753427957325e-19
0.5314359158053236 1.1673254726519957e-19
0.5413360302965375 1.1956944223056645e-19
0.5514205739240297 1.2245918568456837e-19
0.5616929824163804 1.2540276214118455e-19
0.5721567555063246 1.284011744548955e-19
0.582815458123084 1.314554441623481e-19
0.593672721606912 1.345666118303855e-19
0.6047322449462643 1.3773573741056039e-19
0.6159977960380162 1.409639006002525e-19
0.6274732129711574 1.4425220121051367e-19
0.6391624053343999 1.47601759540765e-19
0.6510693555481455 1.510137167604746e-19
0.6631981202212669 1.5448923529794543e-19
0.6755528315331639 1.5802949923634604e-19
0.6881376986415663 1.6163571471711874e-19
0.7009570091165618 1.6530911035090301e-19
0.7140151304013396 1.6905093763611392e-19
0.7273165113001454 1.728624713853183e-19
0.740865683493956 1.7674501015955394e-19
0.7546672630843887 1.8069987671073943e-19
0.7687259521663729 1.8472841843232601e-19
0.7830465404301183 1.8883200781834433e-19
0.7976339067929273 1.9301204293100297e-19
0.8124930210614048 1.972699478769978e-19
0.8276289456246344 2.0160717329269438e-19
0.8430468371788967 2.0602519683834895e-19
0.8587519484845171 2.1052552370153633e-19
0.8747496301554415 2.1510968710995593e-19
0.8910453324821513 2.1977924885379107e-19
0.9076446072885357 2.2453579981779906e-19
0.924553109823357 2.293809605233139e-19
0.9417766006869519 2.3431638168034573e-19
0.9593209477938242 2.3934374474996535e-19
0.9771921283717997 2.444647625171654e-19
0.9953962309984233 2.4968117967439346e-19
1.0139394576752918 2.549947734159558e-19
1.0328281259410286 2.604073540434939e-19
1.052068671023623 2.6592076558274097e-19
1.0716676480328633 2.7153688641176765e-19
1.0916317341936148 2.7725762990093126e-19
1.111967731120699 2.830849450647469e-19
1.1326825671361538 2.890208172259019e-19
1.1537832996296609 2.950672686916408e-19
1.1752771174629453 3.0122635944274997e-19
1.1971713434189657 3.075001878353773e-19
1.219473436696737 3.1389089131592806e-19
1.2421909954526162 3.2040064714927474e-19
1.2653317593889417 3.2703167316053613e-19
1.2889036123908915 3.337862284906735e-19
1.312914585212464 3.4066661436616325e-19
1.337372858212495 3.4767517488300723e-19
1.3622867641416454 3.5481429780534873e-19
1.3876647909813071 3.620864153789662e-19
1.4135155848353942 3.6949400515992077e-19
1.4398479528760066 3.7703959085864146e-19
1.4666708663439672 3.8472574319973406e-19
1.4939934636052563 3.92555080797808e-19
1.5218250532643856 4.0053027104961886e-19
1.5501751173357687 4.0865403104283017e-19
1.5790533144741743 4.169291284817053e-19
1.6084694832653552 4.25358382630043e-19
1.638433645577983 4.339446652716801e-19
1.6689560099780232 4.426909016888864e-19
1.7000469752067164 4.516000716589866e-19
1.7317171337233528 4.606752104695479e-19
1.7639772753140435 4.699194099524804e-19
1.7968383907677192 4.793358195374005e-19
1.8303116756206113 4.889276473246181e-19
1.8644085339704852 4.986981611781123e-19
1.8991405823619336 5.086506898388689e-19
1.9345196537440443 5.187886240589568e-19
1.9705578015017984 5.291154177567319e-19
2.007267303562568 5.396345891935618e-19
2.044660666579116 5.503497221724706e-19
2.0827506301905143 5.61264467259114e-19
2.12155017136245 5.723825430254996e-19
2.1610725088083766 5.837077373168771e-19
2.20133110749303 5.952439085422278e-19
2.242339683219845 6.069949869887966e-19
2.2841122073038234 6.189649761611111e-19
2.326662911331458 6.311579541449456e-19
2.370006292009328 6.435780749966947e-19
2.4141571161030178 6.562295701586289e-19
2.459130425468044 6.691167499005155e-19
2.5049415421745023 6.822440047880951e-19
2.551606073727184 6.956158071789151e-19
2.599139918382933 7.092367127460275e-19
2.6475592705670667 7.231113620300735e-19
2.6968806263906924 7.372444820202803e-19
2.7471207892708116 7.516408877649118e-19
2.7982968756551156 7.663054840117186e-19
2.8504263208534346 7.812432668789494e-19
2.903526884977814 7.964593255574912e-19
2.9576166589932535 8.11958844044718e-19
3.0127140708811644 8.277471029106409e-19
3.0688378919176422 8.438294810969575e-19
3.1260072430687003 8.602114577496175e-19
3.1842416015046497 8.768986140855295e-19
3.243560807235808 8.938966352940347e-19
3.303985069871855 9.112113124738123e-19
3.365534975507091 9.28848544605862e-19
3.4282314937339673 9.468143405632428e-19
3.4920959847872677 9.651148211582515e-19
3.5571502068213823 9.83756221227738e-19
3.6234163233231462 1.0027448917572662e-18
3.6909169106627746 1.0220873020448484e-18
3.7596749657854636 1.041790041904987e-18
3.8297139140462773 1.0618598239137734e-18
3.901057617190989 1.0823034856958146e-18
3.973730381485604 1.1031279922537593e-18
4.047756965997318 1.1243404383412224e-18
4.1231625910297485 1.1459480508799147e-18
4.1999729467153015 1.1679581914218012e-18
4.278214201767613 1.1903783586571266e-18
4.3579130123970256 1.2132161909691637e-18
4.439096531392167 1.2364794690365511e-18
4.521792417370698 1.2601761184841154e-18
4.606028844202398 1.28431421258307e-18
4.691834510607794 1.3089019750015197e-18
4.779238649935595 1.3339477826062013e-18
4.868271040122279 1.3594601683164205e-18
4.958962013837212 1.3854478240111545e-18
5.051342468816761 1.4119196034903079e-18
5.145443878390925 1.4388845254911378e-18
5.241298302206056 1.46635177676087e-18
5.33893839714735 1.4943307151865545e-18
5.438397428464796 1.5228308729832276e-18
5.539709281106401 1.5518619599414673e-18
5.642908471262537 1.5814338667354444e-18
5.748030158125351 1.6115566682926034e-18
5.855110155867238 1.6422406272261135e-18
5.96418494584246 1.6734961973312642e-18
6.075291689016071 1.7053340271469958e-18
6.188468238624383 1.737764963583777e-18
6.303753153071275 1.770800055619065e-18
6.421185709064758 1.8044505580616107e-18
6.540805914998253 1.8387279353858873e-18
6.66265452458115 1.8736438656379515e-18
6.786773050723295 1.9092102444140654e-18
6.913203779678128 1.9454391889134385e-18
7.041989785449289 1.9823430420664658e-18
7.173174944465613 2.0199343767398723e-18
7.3068039505295 2.058226000020194e-18
7.442922330043758 2.0972309575770587e-18
7.58157645752211 2.136962538107744e-18
7.7228135713886426 2.1774342778645423e-18
7.866681790071582 2.218659965266455e-18
8.013230128396879 2.260653645596806e-18
8.16250851428722 2.3034296257883725e-18
8.314567805772056 2.3470024792976342e-18
8.469459808314577 2.3913870510698536e-18
8.62723729246144 2.4365984625966314e-18
8.787954011821311 2.482652117067691e-18
8.951664721378293 2.529563704618624e-18
9.118425196146562 2.577349207676406e-18
9.28829225017249 2.6260249064044884e-18
9.46132375589076 2.6756073842493305e-18
9.63757866384108 2.7261135335902513e-18
9.817117022752184 2.7775605614945404e-18
10.0 2.82996599557978e-18
