----------------------
ELASTIC
Surge
1.371541e-4 / mass ratio
----------------------
0.001 2.384597775985227e-21
0.0010280732238308647 2.384597050980312e-21
0.0010569345535579883 2.3845963056226163e-21
0.001086606113854597 2.384595539340797e-21
0.0011171106505048242 2.3845947515474734e-21
0.001148471547840289 2.3845939416387765e-21
0.0011807128466661903 2.3845931089938863e-21
0.0012138592626906278 2.3845922529745566e-21
0.0012479362054713115 2.384591372924624e-21
0.0012829697978941476 2.3845904681695077e-21
0.0013189868961986705 2.3845895380156914e-21
0.0013560151105656334 2.384588581750191e-21
0.0013940828262825786 2.3845875986400082e-21
0.0014332192255035738 2.3845865879315712e-21
0.0014734543096198358 2.3845855488501538e-21
0.0015148189222583457 2.384584480599284e-21
0.0015573447729261352 2.384583382360135e-21
0.0016010644613183177 2.3845822532908913e-21
0.0016460115023085497 2.3845810925261132e-21
0.0016922203516410374 2.3845798991760656e-21
0.0017397264323438008 2.3845786723260398e-21
0.0017885661618834618 2.384577411035651e-21
0.0018387769800823268 2.384576114338122e-21
0.0018903973778192215 2.384574781239534e-21
0.0019434669265360202 2.384573410718075e-21
0.0019980263085725507 2.3845720017232492e-21
0.002054117348353064 2.384570553175075e-21
0.0021117830444482445 2.3845690639632585e-21
0.002171067602537265 2.3845675329463427e-21
0.0022320164692952345 2.3845659589508287e-21
0.002294676367231936 2.384564340770282e-21
0.0023590953305086364 2.3845626771644058e-21
0.002425322741760353 2.3845609668580902e-21
0.0024934093699518806 2.3845592085404375e-21
0.002563407409296515 2.3845574008637544e-21
0.002635370519267393 2.3845555424425243e-21
0.0027093538657320514 2.3845536318523407e-21
0.002785414163241769 2.3845516676288183e-21
0.002863609718508116 2.3845496482664734e-21
0.0029440004751000335 2.3845475722175677e-21
0.003026648059395692 2.3845454378909217e-21
0.0031116158278243597 2.3845432436506987e-21
0.0031989689154345376 2.384540987815152e-21
0.00328877428582551 2.3845386686553353e-21
0.0033811007824806854 2.3845362843937752e-21
0.0034760191815419775 2.3845338332031147e-21
0.0035736022460657883 2.3845313132047136e-21
0.0036739247818020743 2.3845287224672048e-21
0.0037770636945393685 2.3845260590050198e-21
0.003883098049059605 2.384523320776867e-21
0.003992109129748053 2.384520505684164e-21
0.004104180502904709 2.384517611569437e-21
0.004219398080805024 2.3845146362146666e-21
0.004337850187558989 2.384511577339584e-21
0.004459627626819096 2.384508432599931e-21
0.004584823751389096 2.3845051995856648e-21
0.004713534534786907 2.384501875819107e-21
0.004845858644816496 2.3844984587530522e-21
0.004981897519205165 2.384494945768815e-21
0.0051217554433642416 2.3844913341742245e-21
0.005265539630332755 2.3844876212015654e-21
0.005413360302965381 2.384483804005456e-21
0.005565330778427646 2.384479879660672e-21
0.005721567555063252 2.3844758451599077e-21
0.005882190401699956 2.3844716974114688e-21
0.006047322449462649 2.3844674332369137e-21
0.006217090286163827 2.3844630493686142e-21
0.006391624053344006 2.3844585424472565e-21
0.006571057546036271 2.38445390901927e-21
0.0067555283153316395 2.384449145534185e-21
0.006945177773823696 2.384444248341912e-21
0.007140151304013403 2.3844392136899523e-21
0.007340598369757212 2.3844340377205254e-21
0.007546672630843887 2.3844287164676144e-21
0.007758532060787836 2.3844232458539326e-21
0.007976339067929281 2.3844176216878074e-21
0.008200260619934131 2.3844118396599665e-21
0.008430468371788968 2.3844058953402467e-21
0.008667138797389234 2.3843997841742016e-21
0.008910453324821512 2.384393501479618e-21
0.00916059847544371 2.384387042442936e-21
0.009417766006869518 2.3843804021155656e-21
0.009682153059967086 2.384373575410102e-21
0.009953962309984233 2.3843665570964343e-21
0.010233402121916417 2.3843593417977467e-21
0.010520686710236229 2.384351923986406e-21
0.0108160363031071 2.3843442979797385e-21
0.011119677311206989 2.3843364579356794e-21
0.011431842501291497 2.384328397848308e-21
0.011752771174629452 2.3843201115432607e-21
0.012082709350447765 2.3843115926730068e-21
0.012421909954526173 2.384302834711997e-21
0.01277063301308644 2.3842938309516788e-21
0.013129145852124654 2.384284574495367e-21
0.013497723302339424 2.384275058252973e-21
0.013876647909813085 2.3842652749355913e-21
0.014266210152607376 2.3842552170499273e-21
0.014666708663439686 2.3842448768925735e-21
0.015078450458610518 2.3842342465441244e-21
0.015501751173357704 2.38422331786313e-21
0.01593693530381775 2.384212082479876e-21
0.01638433645577984 2.384200531789991e-21
0.016844297600423153 2.384188656947883e-21
0.01731717133723354 2.3841764488599784e-21
0.01780332016430114 2.384163898177783e-21
0.01830311675620612 2.384150995290749e-21
0.018816944249705557 2.3841377303189356e-21
0.019345196537440452 2.384124093105473e-21
0.019888278569888097 2.384110073208812e-21
0.020446606665791168 2.3840956598947575e-21
0.021020608831301583 2.38408084212828e-21
0.021610725088083777 2.3840656085650995e-21
0.022217407810628847 2.3840499475430363e-21
0.022841122073038244 2.384033847073116e-21
0.023482346005542765 2.384017294830431e-21
0.02414157116103019 2.3840002781447474e-21
0.024819302891862554 2.3839827839908454e-21
0.02551606073727185 2.383964798978596e-21
0.026232378821631236 2.383946309342762e-21
0.026968806263906926 2.383927300932507e-21
0.027725907598604826 2.3839077592006245e-21
0.028504263208534348 2.383887669192454e-21
0.02930446976972143 2.3838670155345024e-21
0.03012714070881164 2.383845782422738e-21
0.030972906673314083 2.3838239536105653e-21
0.03184241601504653 2.3838015123964616e-21
0.03273633528715246 2.3837784416112764e-21
0.033655349755070944 2.383754723605169e-21
0.034600163921851106 2.3837303402341908e-21
0.03557150206821386 2.3837052728464934e-21
0.03657010880777491 2.3836795022681486e-21
0.03759674965785468 2.3836530087885863e-21
0.03865221162631264 2.383625772145617e-21
0.03973730381485608 2.3835977715100443e-21
0.040852858039285636 2.3835689854698526e-21
0.04199972946715306 2.3835393920139548e-21
0.04317879727332024 2.3835089685154855e-21
0.04439096531392171 2.3834776917146426e-21
0.04563716281924759 2.383445537701044e-21
0.046918345106077966 2.3834124818956e-21
0.04823549431001467 2.3833784990318853e-21
0.04958962013837214 2.3833435631369973e-21
0.050981760644204246 2.3833076475118808e-21
0.052412983022060586 2.3832707247111125e-21
0.05388438442608224 2.383232766522133e-21
0.05539709281106403 2.383193743943894e-21
0.056952267797128246 2.3831536271649262e-21
0.05855110155867241 2.3831123855408028e-21
0.060194819738272745 2.3830699875709776e-21
0.06188468238624386 2.3830264008749836e-21
0.06362198492657489 2.3829815921679903e-21
0.06540805914998256 2.3829355272356715e-21
0.0672442742348425 2.382888170908397e-21
0.06913203779678131 2.382839487034702e-21
0.07107279696773419 2.3827894384540443e-21
0.07306803950529503 2.382737986968801e-21
0.07511929493320965 2.3826850933155047e-21
0.07722813571388643 2.382630717135288e-21
0.0793961784538228 2.3825748169435227e-21
0.08162508514287228 2.3825173500986284e-21
0.08391656442830157 2.3824582727700267e-21
0.08627237292461451 2.3823975399052195e-21
0.08869431656014709 2.3823351051959746e-21
0.09118425196146572 2.3822709210435827e-21
0.09374408787662995 2.3822049385231723e-21
0.09637578663841088 2.382137107347055e-21
0.0990813656685867 2.3820673758270665e-21
0.10186289902446875 2.3819956908358944e-21
0.10472251898884344 2.3819219977673515e-21
0.10766241770454933 2.3818462404955694e-21
0.1106848488549412 2.381768361333095e-21
0.11379212939153151 2.3816883009878434e-21
0.11698664131013069 2.381605998518897e-21
0.1202708334768512 2.3815213912911032e-21
0.12364722350537151 2.3814344149284546e-21
0.1271183996869029 2.381345003266209e-21
0.13068702297433463 2.3812530883017214e-21
0.13435582902208262 2.3811586001439605e-21
0.13812763028320094 2.3810614669616615e-21
0.14200531816536832 2.3809616149301023e-21
0.14599186524739785 2.3808589681764388e-21
0.15009032755797366 2.380753448723595e-21
0.15430384691835647 2.380644976432648e-21
0.15863565335085897 2.3805334689436796e-21
0.16308906755493327 2.380418841615052e-21
0.16766750345276993 2.3803010074610785e-21
0.17237447080636198 2.38017987708803e-21
0.17721357790803585 2.3800553586284596e-21
0.18218853434651672 2.3799273576737795e-21
0.18730315385064367 2.379795777205072e-21
0.19256135721291986 2.37966051752207e-21
0.19796717529513327 2.3795214761702757e-21
0.20352475211835777 2.379378547866164e-21
0.2092383480396977 2.3792316244204346e-21
0.21511234301821672 2.379080594659255e-21
0.22115123997254887 2.3789253443434523e-21
0.22735966823277176 2.378765756085604e-21
0.2337423870891815 2.378601709264981e-21
0.24030428944069696 2.3784330799402857e-21
0.24705040554568256 2.3782597407601404e-21
0.25398590687807265 2.3780815608712684e-21
0.26111611009174596 2.3778984058243193e-21
0.26844648109619623 2.3777101374772874e-21
0.27598263924661803 2.3775166138964523e-21
0.28373036165162113 2.377317689254809e-21
0.2916955876018796 2.3771132137279155e-21
0.29988442312310276 2.3769030333871035e-21
0.3083031456568277 2.376686990089996e-21
0.3169582088726115 2.3764649213682766e-21
0.32585624761532267 2.3762366603126442e-21
0.3350040829913133 2.3760020354548964e-21
0.34440872759738234 2.375760870647083e-21
0.35407739089652696 2.3755129849376624e-21
0.36401748474461415 2.3752581924446048e-21
0.37423662907219807 2.374996302225378e-21
0.3847426577258506 2.3747271181437527e-21
0.39554362447347013 2.374450438733359e-21
0.4066478091781858 2.3741660570579413e-21
0.4180637241455758 2.373873760568237e-21
0.42980012064907985 2.37357333095542e-21
0.44186599563859413 2.373264544001041e-21
0.45427059863740427 2.3729471694234123e-21
0.4670234388327335 2.372620970720348e-21
0.480134292365345 2.3722857050082193e-21
0.4936132098237917 2.3719411228572524e-21
0.5074705239490466 2.3715869681229978e-21
0.521716857555435 2.371222977773921e-21
0.536363131673924 2.3708488817150353e-21
0.5514205739240302 2.3704644026075368e-21
0.5669007271207434 2.370069255684354e-21
0.5828154581230846 2.369663148561573e-21
0.5991769669310619 2.3692457810456703e-21
0.6159977960380169 2.3688168449364946e-21
0.6332908400455115 2.368376023825939e-21
0.6510693555481462 2.3679229928922673e-21
0.6693469712958661 2.3674574186900086e-21
0.688137698641567 2.366978958935401e-21
0.7074559422819878 2.366487262287327e-21
0.7273165113001454 2.3659819681236786e-21
0.7477346305177588 2.3654627063131418e-21
0.7687259521663729 2.3649290969823285e-21
0.7903065678861348 2.364380750278249e-21
0.8124930210614048 2.363817266126067e-21
0.8353023195026779 2.3632382339821343e-21
0.8587519484845171 2.3626432325822677e-21
0.882859884149515 2.362031829685252e-21
0.9076446072885357 2.361403581811564e-21
0.933125117507825 2.3607580339773e-21
0.9593209477938242 2.360094719423321e-21
0.9862521794868784 2.359413159339609e-21
1.0139394576752918 2.3587128625848543e-21
1.0424040070215568 2.357993325401297e-21
1.0716676480328633 2.357254031124854e-21
1.1017528137883874 2.3564944498905608e-21
1.1326825671361538 2.3557140383333908e-21
1.1644806183726866 2.354912239284501e-21
1.1971713434189668 2.35408848146298e-21
1.2307798025066645 2.3532421791631735e-21
1.2653317593889428 2.352372731937689e-21
1.3008537010905705 2.3514795242761806e-21
1.3373728582124964 2.350561925280042e-21
1.374917225806419 2.3496192883331294e-21
1.4135155848353957 2.3486509507686844e-21
1.4531975242368953 2.347656233532615e-21
1.4939934636052576 2.3466344408433155e-21
1.535934676510897 2.345584859848244e-21
1.5790533144741759 2.3445067602774676e-21
1.6233824316122782 2.3433993940944293e-21
1.6689560099780247 2.3422619951442016e-21
1.7158089856100047 2.3410937787995067e-21
1.7639772753140452 2.3398939416048408e-21
1.8134978041964953 2.338661660919011e-21
1.8644085339704872 2.3373960945564788e-21
1.916748492056815 2.3360963804278888e-21
1.9705578015018004 2.3347616361802093e-21
2.025877711735017 2.333390958836946e-21
2.0827506301905143 2.33198342443891e-21
2.1412201548157292 2.3305380876860607e-21
2.20133110749303 2.3290539815809887e-21
2.26312956839953 2.3275301170746206e-21
2.326662911331458 2.3259654827147947e-21
2.3919798400202397 2.3243590442983577e-21
2.459130425468044 2.3227097445275235e-21
2.5281661443315007 2.32101650267123e-21
2.599139918382933 2.3192782142323125e-21
2.6721061550794354 2.31749375062134e-21
2.7471207892708116 2.3156619588380142e-21
2.8242413260784356 2.3137816611610814e-21
2.903526884977814 2.3118516548477637e-21
2.9850382451187323 2.309870711843763e-21
3.0688378919176422 2.307837578504958e-21
3.1549900649580884 2.3057509753319572e-21
3.2435608072358115 2.3036095967187414e-21
3.3346180157863627 2.301412110716695e-21
3.428231493733971 2.2991571588153664e-21
3.5244730038015843 2.2968433557413912e-21
3.62341632332315 2.2944692892770503e-21
3.7251373008002098 2.2920335201000236e-21
3.829713914046281 2.2895345816459538e-21
3.937226329963479 2.286970979995516e-21
4.047756965997322 2.2843411937877436e-21
4.161390553316707 2.2816436741614614e-21
4.278214201767617 2.2788768447267005e-21
4.398317466650224 2.2760391015681123e-21
4.521792417370702 2.2731288132823934e-21
4.648733708020257 2.270144321051871e-21
4.7792386499356 2.2670839387564395e-21
4.913407286296362 2.2639459531261135e-21
5.051342468816767 2.260728623936546e-21
5.1931499365902125 2.257430184249921e-21
5.338938397147356 2.254048840703705e-21
5.4888196097896715 2.250582773849806e-21
5.642908471262537 2.247030138546758e-21
5.801323103833378 2.243389064407602e-21
5.96418494584246 2.2396576563062123e-21
6.131618844795775 2.2358339949448484e-21
6.303753153071275 2.2319161374857814e-21
6.4807198263119705 2.227902118249886e-21
6.66265452458115 2.2237899494851242e-21
6.849696716357447 2.2195776222078864e-21
7.041989785449289 2.2152631071201806e-21
7.239681140910877 2.2108443556056763e-21
7.442922330043758 2.206319300807633e-21
7.651869154570825 2.2016858587917164e-21
7.866681790071582 2.1969419297967407e-21
8.087524908770456 2.1920853995763074e-21
8.314567805772064 2.1871141408343028e-21
8.547984528840415 2.182026014757182e-21
8.78795401182132 2.1768188726458814e-21
9.034660211810534 2.1714905576501363e-21
9.2882922501725 2.166038906607907e-21
9.549044557518078 2.160461751992479e-21
9.817117022752193 2.1547569239696976e-21
10.092715146305718 2.148922252567652e-21
10.376050197669118 2.142955569960939e-21
10.66733937734857 2.1368547128714783e-21
10.966805983368674 2.1306175250876152e-21
11.274679582449473 2.124241860103033e-21
11.591196185988856 2.1177255838767333e-21
11.916598430985587 2.1110665777150585e-21
12.251135766041177 2.104262741276433e-21
12.595064642583589 2.0973119956991596e-21
12.948648711459048 2.090212286852244e-21
13.312159025043076 2.082961588708837e-21
13.685874245025177 2.0755579068414758e-21
14.070080856026864 2.0679992820378396e-21
14.46507338521647 2.0602837940352878e-21
14.871154628089538 2.0524095653719238e-21
15.288635880587295 2.0443747653514184e-21
15.717837177731612 2.0361776141182645e-21
16.15908753895919 2.0278163868395412e-21
16.61272522034293 2.0192894179886726e-21
17.079097973894267 2.0105951057260158e-21
17.55856331414467 2.001731916370478e-21
18.0514887922111 1.992698388955661e-21
18.558252277555187 1.983493139863344e-21
19.07924224765265 1.9741148675264e-21
19.614858085794292 1.9645623571925197e-21
20.165510387247487 1.954834485739355e-21
20.731621274012312 1.94493022653096e-21
21.313624718414378 1.9348486543046587e-21
21.911966875781474 1.9245889500766955e-21
22.527106426459827 1.9141504060542935e-21
23.159514927431545 1.903532430540993e-21
23.809677173803582 1.8927345528214083e-21
24.478091570444402 1.8817564280108545e-21
25.16527051405389 1.870597841854586e-21
25.87174078595924 1.8592587154607407e-21
26.598043955937584 1.847739109950479e-21
27.3447367973758 1.8360392310082027e-21
28.112391714084612 1.8241594333142425e-21
28.901597179095116 1.812100224841903e-21
29.712958185773342 1.799862271000368e-21
30.547096711599682 1.7874463986046005e-21
31.40465219496749 1.774853599653132e-21
32.286282025367335 1.762085034894429e-21
33.1926620473319 1.7491420371624487e-21
34.124487078528894 1.736026114461952e-21
35.08247144239789 1.7227389527842895e-21
36.06734951574032 1.709282418634537e-21
37.07987629168173 1.6956585612511713e-21
38.12082795843888 1.6818696144999042e-21
39.19100249433402 1.6679179984238392e-21
40.29122027951352 1.6538063204327426e-21
41.42232472483898 1.6395373761150414e-21
42.58518291843414 1.6251141496570055e-21
43.78068629038167 1.6105398138546604e-21
45.00975129608042 1.5958177297050613e-21
46.273320118786934 1.5809514455648633e-21
47.57236139187889 1.5659446958654891e-21
48.9078709413959 1.550801399375681e-21
50.28087254942475 1.5355256570038525e-21
51.69241873891604 1.5201217491343274e-21
53.143591580532416 1.5045941324933825e-21
54.63550352214876 1.4889474365428468e-21
56.16929824163804 1.473186459401034e-21
57.74615152359826 1.4573161632927423e-21
59.367272160691265 1.441341669532177e-21
61.03390288028621 1.425268253044738e-21
62.74732129711575 9.822398128846966e-21
64.508840892677 1.8513193480330553e-20
66.31981202212675 2.6349923238073952e-20
68.18162294944479 3.3401932748881815e-20
70.09570091165618 3.973291231566216e-20
72.06351321293045 4.540138967666656e-20
74.08656834939568 5.046117566683752e-20
76.16641716552891 5.496176794146173e-20
78.30465404301182 5.894871708644392e-20
80.50291812295973 6.246395895238033e-20
82.76289456246352 6.554611662209343e-20
85.08631582640582 6.823077504547376e-20
87.47496301554415 7.05507310446492e-20
89.93066723187614 7.253622110082573e-20
92.4553109823358 7.421512907664963e-20
95.05082962189512 7.561317580027539e-20
97.71921283717997 7.675409223578597e-20
100.46250617173403 7.765977778594464e-20
103.28281259410296 7.835044511468054e-20
106.18229410993847 7.884475273577049e-20
109.16317341936147 7.915992648877197e-20
112.22773562085071 7.931187091153303e-20
115.37832996296596 7.931527141895244e-20
118.61737164524791 7.918368810867076e-20
121.94734366967383 7.89296419348203e-20
125.37079874409197 7.85646939197601e-20
128.89036123908915 7.809951800993335e-20
132.5087291997954 7.754396812477156e-20
136.22867641416468 7.690713989620587e-20
140.05305453932198 7.619742755018051e-20
143.98479528760066 7.542257634003875e-20
148.02691267395102 7.458973090425353e-20
152.1825053264387 7.370547988727208e-20
156.45475886160958 7.277589713183387e-20
160.8469483265355 7.180657972366582e-20
165.36244070941822 7.080268314464026e-20
170.0046975206718 6.976895376803423e-20
174.77727744646808 6.870975890920295e-20
179.68383907677193 6.762911462656735e-20
184.7281437099636 6.653071145111121e-20
189.91405823619354 6.541793820742903e-20
195.2455581016861 6.429390407559495e-20
200.72673035625684 6.316145903061091e-20
206.36177678638566 6.202321278480385e-20
212.15501713624525 6.088155234817884e-20
218.11089241915198 5.973865831229126e-20
224.2339683219845 5.859651995459052e-20
230.52893870517062 5.745694925233564e-20
237.00062920093305 5.632159388800921e-20
243.6540009125466 5.519194932160642e-20
250.49415421745024 5.406936999918441e-20
257.52633267711985 5.295507976158123e-20
264.7559270567069 5.1850181512194384e-20
272.188479457518 5.0755666198118615e-20
279.82968756551156 4.967242115472842e-20
287.68540901905914 4.860123785993386e-20
295.76166589932564 4.754281914079156e-20
304.06464934670686 4.649778587190196e-20
312.60072430687035 4.546668320203384e-20
321.37643441002757 4.4449986342672733e-20
330.3985069871855 4.3448105949661155e-20
339.67385822722093 4.246139312677555e-20
349.2095984787271 4.149014407794516e-20
359.01303770070683 4.0534604432845014e-20
369.09169106627746 3.959497326878144e-20
379.4532847236942 3.8671406850110995e-20
390.10576171909935 3.7764022104890383e-20
401.0572880855496 3.6872899857027284e-20
412.3162591029748 3.5998087830887457e-20
423.8913057338783 3.513960344409495e-20
435.791301239703 3.4297436403139895e-20
448.025367982949 3.3471551115367383e-20
460.60288442023983 3.266188892996133e-20
473.5334922917121 3.186837021964614e-20
486.8271040122284 3.1090896314006247e-20
500.49391027009534 3.0329351294559843e-20
514.5443878390925 2.958360366101811e-20
528.9893076098145 2.88535078775044e-20
543.8397428464801 2.8138905806901485e-20
559.1070776755294 2.743962804093187e-20
574.8030158125351 2.6755495133051906e-20
590.9395895340965 2.6086318740757628e-20
607.5291689016077 2.5431902683447232e-20
624.5844712439618 2.4792043921568504e-20
642.1185709064758 2.4166533462388842e-20
660.1449092734883 2.3555157197366117e-20
678.6773050723302 2.295769667576049e-20
697.7299649665538 2.2373929818816267e-20
717.3174944465612 2.1803631578550748e-20
737.4549090259546 2.1246574544917663e-20
758.1576457522118 2.0702529504859756e-20
779.4415750404951 2.0171265956531123e-20
801.3230128396887 1.9652552581750627e-20
823.8187331399602 1.9146157679545394e-20
846.9459808314593 1.8651849563451985e-20
870.7224849239922 1.8169396925067567e-20
895.1664721378302 1.7698569166176874e-20
920.296680876041 1.723913670162867e-20
946.132375589076 1.679087123499038e-20
972.6933615426178 1.6353546008876557e-20
1000.0 1.5926936031721916e-20
----------------------
EXCITATION
Surge
0.016606588157908077 / Thresold Energy
1.371541e-4 / mass ratio
----------------------
0.001 -0.0
0.0010280732238308647 -0.0
0.0010569345535579883 -0.0
0.001086606113854597 -0.0
0.0011171106505048242 -0.0
0.001148471547840289 -0.0
0.0011807128466661903 -0.0
0.0012138592626906278 -0.0
0.0012479362054713115 -0.0
0.0012829697978941476 -0.0
0.0013189868961986705 -0.0
0.0013560151105656334 -0.0
0.0013940828262825786 -0.0
0.0014332192255035738 -0.0
0.0014734543096198358 -0.0
0.0015148189222583457 -0.0
0.0015573447729261352 -0.0
0.0016010644613183177 -0.0
0.0016460115023085497 -0.0
0.0016922203516410374 -0.0
0.0017397264323438008 -0.0
0.0017885661618834618 -0.0
0.0018387769800823268 -0.0
0.0018903973778192215 -0.0
0.0019434669265360202 -0.0
0.0019980263085725507 -0.0
0.002054117348353064 -0.0
0.0021117830444482445 -0.0
0.002171067602537265 -0.0
0.0022320164692952345 -0.0
0.002294676367231936 -0.0
0.0023590953305086364 -0.0
0.002425322741760353 -0.0
0.0024934093699518806 -0.0
0.002563407409296515 -0.0
0.002635370519267393 -0.0
0.0027093538657320514 -0.0
0.002785414163241769 -0.0
0.002863609718508116 -0.0
0.0029440004751000335 -0.0
0.003026648059395692 -0.0
0.0031116158278243597 -0.0
0.0031989689154345376 -0.0
0.00328877428582551 -0.0
0.0033811007824806854 -0.0
0.0034760191815419775 -0.0
0.0035736022460657883 -0.0
0.0036739247818020743 -0.0
0.0037770636945393685 -0.0
0.003883098049059605 -0.0
0.003992109129748053 -0.0
0.004104180502904709 -0.0
0.004219398080805024 -0.0
0.004337850187558989 -0.0
0.004459627626819096 -0.0
0.004584823751389096 -0.0
0.004713534534786907 -0.0
0.004845858644816496 -0.0
0.004981897519205165 -0.0
0.0051217554433642416 -0.0
0.005265539630332755 -0.0
0.005413360302965381 -0.0
0.005565330778427646 -0.0
0.005721567555063252 -0.0
0.005882190401699956 -0.0
0.006047322449462649 -0.0
0.006217090286163827 -0.0
0.006391624053344006 -0.0
0.006571057546036271 -0.0
0.0067555283153316395 -0.0
0.006945177773823696 -0.0
0.007140151304013403 -0.0
0.007340598369757212 -0.0
0.007546672630843887 -0.0
0.007758532060787836 -0.0
0.007976339067929281 -0.0
0.008200260619934131 -0.0
0.008430468371788968 -0.0
0.008667138797389234 -0.0
0.008910453324821512 -0.0
0.00916059847544371 -0.0
0.009417766006869518 -0.0
0.009682153059967086 -0.0
0.009953962309984233 -0.0
0.010233402121916417 -0.0
0.010520686710236229 -0.0
0.0108160363031071 -0.0
0.011119677311206989 -0.0
0.011431842501291497 -0.0
0.011752771174629452 -0.0
0.012082709350447765 -0.0
0.012421909954526173 -0.0
0.01277063301308644 -0.0
0.013129145852124654 -0.0
0.013497723302339424 -0.0
0.013876647909813085 -0.0
0.014266210152607376 -0.0
0.014666708663439686 -0.0
0.015078450458610518 -0.0
0.015501751173357704 -0.0
0.01593693530381775 -0.0
0.01638433645577984 -0.0
0.016844297600423153 2.924358449758958e-23
0.01731717133723354 8.741456262547048e-23
0.01780332016430114 1.4721431346967753e-22
0.01830311675620612 2.0868831892697863e-22
0.018816944249705557 2.718833239120199e-22
0.019345196537440452 3.368473710308636e-22
0.019888278569888097 4.036298361835484e-22
0.020446606665791168 4.722814651192316e-22
0.021020608831301583 5.428544109680146e-22
0.021610725088083777 6.154022727740752e-22
0.022217407810628847 6.899801350552487e-22
0.022841122073038244 7.666446084147689e-22
0.023482346005542765 8.454538712313967e-22
0.02414157116103019 9.26467712454732e-22
0.024819302891862554 1.0097475755330645e-21
0.02551606073727185 1.0953566035016603e-21
0.026232378821631236 1.1833596852599724e-21
0.026968806263906926 1.2738235030668128e-21
0.027725907598604826 1.3668165812831092e-21
0.028504263208534348 1.4624093363924247e-21
0.02930446976972143 1.5606741283300361e-21
0.03012714070881164 1.6616853131518954e-21
0.030972906673314083 1.7655192970754053e-21
0.03184241601504653 1.8722545919245292e-21
0.03273633528715246 1.9819718720122934e-21
0.033655349755070944 2.0947540324943512e-21
0.034600163921851106 2.2106862492278394e-21
0.03557150206821386 2.329856040170311e-21
0.03657010880777491 2.452353328354084e-21
0.03759674965785468 2.5782705064719597e-21
0.03865221162631264 2.7077025031106942e-21
0.03973730381485608 2.8407468506692723e-21
0.040852858039285636 2.9775037549994398e-21
0.04199972946715306 3.1180761668065455e-21
0.04317879727332024 3.2625698548491793e-21
0.04439096531392171 3.4110934809766e-21
0.04563716281924759 3.563758677043394e-21
0.046918345106077966 3.720680123741237e-21
0.04823549431001467 3.881975631388018e-21
0.04958962013837214 4.047766222715035e-21
0.050981760644204246 4.2181762176932254e-21
0.052412983022060586 4.393333320439805e-21
0.05388438442608224 4.573368708246913e-21
0.05539709281106403 4.758417122774081e-21
0.056952267797128246 4.948616963446686e-21
0.05855110155867241 5.144110383102454e-21
0.060194819738272745 5.345043385928432e-21
0.06188468238624386 5.551565927730732e-21
0.06362198492657489 5.763832018579374e-21
0.06540805914998256 5.981999827870495e-21
0.0672442742348425 6.206231791848048e-21
0.06913203779678131 6.43669472362678e-21
0.07107279696773419 6.673559925758174e-21
0.07306803950529503 6.917003305380417e-21
0.07511929493320965 7.167205491993104e-21
0.07722813571388643 7.424351957896797e-21
0.0793961784538228 7.688633141336715e-21
0.08162508514287228 7.960244572389258e-21
0.08391656442830157 8.239387001628823e-21
0.08627237292461451 8.526266531611578e-21
0.08869431656014709 8.821094751211434e-21
0.09118425196146572 9.124088872842226e-21
0.09374408787662995 9.435471872598431e-21
0.09637578663841088 9.755472633345242e-21
0.0990813656685867 1.0084326090786722e-20
0.10186289902446875 1.042227338253881e-20
0.10472251898884344 1.0769562000231667e-20
0.10766241770454933 1.112644594466321e-20
0.1106848488549412 1.1493185884022966e-20
0.11379212939153151 1.1870049315202676e-20
0.11698664131013069 1.2257310728206142e-20
0.1202708334768512 1.2655251773668154e-20
0.12364722350537151 1.3064161433487535e-20
0.1271183996869029 1.3484336194576149e-20
0.13068702297433463 1.3916080225720223e-20
0.13435582902208262 1.435970555754662e-20
0.13812763028320094 1.4815532265580104e-20
0.14200531816536832 1.528388865637368e-20
0.14599186524739785 1.5765111456686217e-20
0.15009032755797366 1.6259546005676975e-20
0.15430384691835647 1.67675464500779e-20
0.15863565335085897 1.728947594229885e-20
0.16308906755493327 1.7825706841411494e-20
0.16766750345276993 1.8376620916950012e-20
0.17237447080636198 1.8942609555457758e-20
0.17721357790803585 1.9524073969698392e-20
0.18218853434651672 2.0121425410441168e-20
0.18730315385064367 2.0735085380717566e-20
0.19256135721291986 2.1365485852436284e-20
0.19796717529513327 2.2013069485229733e-20
0.20352475211835777 2.2678289847393548e-20
0.2092383480396977 2.336161163876504e-20
0.21511234301821672 2.4063510915373452e-20
0.22115123997254887 2.4784475315677275e-20
0.22735966823277176 2.5525004288189238e-20
0.2337423870891815 2.6285609320269993e-20
0.24030428944069696 2.706681416785481e-20
0.24705040554568256 2.786915508585613e-20
0.25398590687807265 2.869318105896566e-20
0.26111611009174596 2.953945403255636e-20
0.26844648109619623 3.0408549143362626e-20
0.27598263924661803 3.1301054949591754e-20
0.28373036165162113 3.2217573660094515e-20
0.2916955876018796 3.315872136219584e-20
0.29988442312310276 3.4125128247756946e-20
0.3083031456568277 3.5117438837012364e-20
0.3169582088726115 3.613631219969126e-20
0.32585624761532267 3.7182422172902314e-20
0.3350040829913133 3.825645757522376e-20
0.34440872759738234 3.9359122416406754e-20
0.35407739089652696 4.049113610205946e-20
0.36401748474461415 4.165323363264192e-20
0.37423662907219807 4.28461657960577e-20
0.3847426577258506 4.407069935308674e-20
0.39554362447347013 4.53276172148566e-20
0.4066478091781858 4.661771861150318e-20
0.4180637241455758 4.794181925112072e-20
0.42980012064907985 4.930075146805165e-20
0.44186599563859413 5.0695364359509575e-20
0.45427059863740427 5.212652390947668e-20
0.4670234388327335 5.359511309875478e-20
0.480134292365345 5.510203199999173e-20
0.4936132098237917 5.664819785644084e-20
0.5074705239490466 5.82345451431456e-20
0.521716857555435 5.986202560917635e-20
0.536363131673924 6.153160829947359e-20
0.5514205739240302 6.324427955478389e-20
0.5669007271207434 6.500104298809639e-20
0.5828154581230846 6.680291943591599e-20
0.5991769669310619 6.865094688262603e-20
0.6159977960380169 7.054618035611747e-20
0.6332908400455115 7.248969179277402e-20
0.6510693555481462 7.448256986982232e-20
0.6693469712958661 7.652591980296598e-20
0.688137698641567 7.862086310713721e-20
0.7074559422819878 8.076853731810583e-20
0.7273165113001454 8.297009567259979e-20
0.7477346305177588 8.522670674449116e-20
0.7687259521663729 8.753955403451483e-20
0.7903065678861348 8.99098355108893e-20
0.8124930210614048 9.233876309811274e-20
0.8353023195026779 9.482756211111638e-20
0.8587519484845171 9.737747063185763e-20
0.882859884149515 9.99897388253458e-20
0.9076446072885357 1.0266562819199389e-19
0.933125117507825 1.054064107531057e-19
0.9593209477938242 1.0821336816620867e-19
0.9862521794868784 1.1108779076686447e-19
1.0139394576752918 1.1403097653349662e-19
1.0424040070215568 1.1704422997170242e-19
1.0716676480328633 1.2012886091443267e-19
1.1017528137883874 1.2328618323436057e-19
1.1326825671361538 1.2651751346468862e-19
1.1644806183726866 1.2982416932459463e-19
1.1971713434189668 1.3320746814546073e-19
1.2307798025066645 1.3666872519399704e-19
1.2653317593889428 1.4020925188833815e-19
1.3008537010905705 1.4383035390317545e-19
1.3373728582124964 1.4753332915998432e-19
1.374917225806419 1.5131946569841292e-19
1.4135155848353957 1.5519003942492864e-19
1.4531975242368953 1.5914631173485712e-19
1.4939934636052576 1.6318952700401529e-19
1.535934676510897 1.6732090994621703e-19
1.5790533144741759 1.7154166283304102e-19
1.6233824316122782 1.7585296257237214e-19
1.6689560099780247 1.80255957642392e-19
1.7158089856100047 1.84751764877866e-19
1.7639772753140452 1.8934146610579937e-19
1.8134978041964953 1.9402610462776934e-19
1.8644085339704872 1.9880668154653058e-19
1.916748492056815 2.036841519347957e-19
1.9705578015018004 2.086594208444609e-19
2.025877711735017 2.1373333915492893e-19
2.0827506301905143 2.1890669925963286e-19
2.1412201548157292 2.241802305903397e-19
2.20133110749303 2.2955459497934827e-19
2.26312956839953 2.3503038186028004e-19
2.326662911331458 2.406081033087866e-19
2.3919798400202397 2.462881889251961e-19
2.459130425468044 2.5207098056184935e-19
2.5281661443315007 2.579567268986903e-19
2.599139918382933 2.6394557787151817e-19
2.6721061550794354 2.7003757895824105e-19
2.7471207892708116 2.762326653294344e-19
2.8242413260784356 2.8253065587056195e-19
2.903526884977814 2.889312470843022e-19
2.9850382451187323 2.9543400688260156e-19
3.0688378919176422 3.0203836827928465e-19
3.1549900649580884 3.087436229953501e-19
3.2435608072358115 3.1554891499040683e-19
3.3346180157863627 3.224532339351188e-19
3.428231493733971 3.294554086409668e-19
3.5244730038015843 3.3655410046514155e-19
3.62341632332315 3.4374779670993547e-19
3.7251373008002098 3.5103480403757245e-19
3.829713914046281 3.5841324192305935e-19
3.937226329963479 3.6588103616927207e-19
4.047756965997322 3.734359125101761e-19
4.161390553316707 3.810753903297503e-19
4.278214201767617 3.887967765258817e-19
4.398317466650224 3.9659715955014997e-19
4.521792417370702 4.04473403656101e-19
4.648733708020257 4.124221433902031e-19
4.7792386499356 4.204397783612644e-19
4.913407286296362 4.285224683255892e-19
5.051342468816767 4.366661286265828e-19
5.1931499365902125 4.4486642602883505e-19
5.338938397147356 4.531187749879423e-19
5.4888196097896715 4.614183343983832e-19
5.642908471262537 4.697600048627149e-19
5.801323103833378 4.781384265260842e-19
5.96418494584246 4.865479775206073e-19
6.131618844795775 4.949827730645162e-19
6.303753153071275 5.034366652610429e-19
6.4807198263119705 5.119032436418638e-19
6.66265452458115 5.203758364994608e-19
6.849696716357447 5.288475130520049e-19
7.041989785449289 5.373110864832754e-19
7.239681140910877 5.457591178987115e-19
7.442922330043758 5.541839212368725e-19
7.651869154570825 5.625775691734393e-19
7.866681790071582 5.709319000522824e-19
8.087524908770456 5.792385258751665e-19
8.314567805772064 5.874888413782404e-19
8.547984528840415 5.956740342196505e-19
8.78795401182132 6.037850962983363e-19
9.034660211810534 6.118128362194142e-19
9.2882922501725 6.19747892916399e-19
9.549044557518078 6.27580750435028e-19
9.817117022752193 6.353017538774931e-19
10.092715146305718 6.429011264995777e-19
10.376050197669118 6.503689879465246e-19
10.66733937734857 6.576953736064466e-19
10.966805983368674 6.648702550527807e-19
11.274679582449473 6.718835615397353e-19
11.591196185988856 6.787252025068907e-19
11.916598430985587 6.853850910411952e-19
12.251135766041177 6.918531682365333e-19
12.595064642583589 6.981194283829888e-19
12.948648711459048 7.041739449098453e-19
13.312159025043076 7.100068969984149e-19
13.685874245025177 7.156085967729785e-19
14.070080856026864 7.209695169705827e-19
14.46507338521647 7.260803189831961e-19
14.871154628089538 7.309318811589274e-19
15.288635880587295 7.355153272426507e-19
15.717837177731612 7.398220548306446e-19
16.15908753895919 7.438437637087159e-19
16.61272522034293 7.475724839389046e-19
17.079097973894267 7.510006035562749e-19
17.55856331414467 7.54120895734575e-19
18.0514887922111 7.569265452777745e-19
18.558252277555187 7.594111742936811e-19
19.07924224765265 7.615688669061014e-19
19.614858085794292 7.633941928633137e-19
20.165510387247487 7.64882229903066e-19
20.731621274012312 7.660285847378723e-19
21.313624718414378 7.668294125290574e-19
21.911966875781474 7.672814347238457e-19
22.527106426459827 7.6738195513670165e-19
23.159514927431545 7.671288741641665e-19
23.809677173803582 7.665207010314763e-19
24.478091570444402 7.655565639793032e-19
25.16527051405389 7.642362183099036e-19
25.87174078595924 7.625600522237606e-19
26.598043955937584 7.605290903903452e-19
27.3447367973758 7.581449952097932e-19
28.112391714084612 7.554100657360256e-19
28.901597179095116 7.523272342459523e-19
29.712958185773342 7.48900060453827e-19
30.547096711599682 7.451327233843921e-19
31.40465219496749 7.410300109330562e-19
32.286282025367335 7.365973071558316e-19
33.1926620473319 7.318405773459996e-19
34.124487078528894 7.267663509683384e-19
35.08247144239789 7.213817025350862e-19
36.06734951574032 7.156942305205344e-19
37.07987629168173 7.097120344230902e-19
38.12082795843888 7.0344369009474e-19
39.19100249433402 6.968982234679765e-19
40.29122027951352 6.90085082819308e-19
41.42232472483898 6.830141097164108e-19
42.58518291843414 6.756955088027202e-19
43.78068629038167 6.681398165787606e-19
45.00975129608042 6.603578693437125e-19
46.273320118786934 6.523607704636324e-19
47.57236139187889 6.441598571343424e-19
48.9078709413959 6.357666668072942e-19
50.28087254942475 6.271929034457516e-19
51.69241873891604 6.184504037763925e-19
53.143591580532416 6.095511036980221e-19
54.63550352214876 6.005070050045282e-19
56.16929824163804 5.913301425736016e-19
57.74615152359826 5.820325521661261e-19
59.367272160691265 5.726262389736545e-19
61.03390288028621 5.63123147043071e-19
62.74732129711575 5.535351296985616e-19
64.508840892677 5.438739210713897e-19
66.31981202212675 5.34151108837906e-19
68.18162294944479 5.243781082557355e-19
70.09570091165618 5.145661375773593e-19
72.06351321293045 5.047261949093758e-19
74.08656834939568 4.948690365747587e-19
76.16641716552891 4.850051570244832e-19
78.30465404301182 4.751447703340592e-19
80.50291812295973 4.652977933099284e-19
82.76289456246352 4.554738302203478e-19
85.08631582640582 4.456821591554648e-19
87.47496301554415 4.35931720011761e-19
89.93066723187614 4.2623110408706587e-19
92.4553109823358 4.1658854526384524e-19
95.05082962189512 4.070119127506123e-19
97.71921283717997 3.975087053440318e-19
100.46250617173403 3.8808604716769766e-19
103.28281259410296 3.787506848375834e-19
106.18229410993847 3.6950898599890437e-19
109.16317341936147 3.603669391745032e-19
112.22773562085071 3.513301548609532e-19
115.37832996296596 3.4240386780527056e-19
118.61737164524791 3.3359294039250703e-19
121.94734366967383 3.2490186707247123e-19
125.37079874409197 3.163347797524016e-19
128.89036123908915 3.0789545408158436e-19
132.5087291997954 2.995873165535649e-19
136.22867641416468 2.914134523518123e-19
140.05305453932198 2.833766138653128e-19
143.98479528760066 2.7547922980167847e-19
148.02691267395102 2.677234148267769e-19
152.1825053264387 2.601109796617208e-19
156.45475886160958 2.5264344157014266e-19
160.8469483265355 2.453220351710856e-19
165.36244070941822 2.3814772351542174e-19
170.0046975206718 2.3112120936653175e-19
174.77727744646808 2.242429466289167e-19
179.68383907677193 2.175131518715166e-19
184.7281437099636 2.1093181589565665e-19
189.91405823619354 2.044987153007919e-19
195.2455581016861 1.9821342400447063e-19
200.72673035625684 1.9207532467622197e-19
206.36177678638566 1.8608362004831308e-19
212.15501713624525 1.8023734406954647e-19
218.11089241915198 1.7453537287142297e-19
224.2339683219845 1.6897643551907683e-19
230.52893870517062 1.6355912452239637e-19
237.00062920093305 1.582819060856235e-19
243.6540009125466 1.5314313007652118e-19
250.49415421745024 1.4814103969884592e-19
257.52633267711985 1.432737808544127e-19
264.7559270567069 1.385394111834239e-19
272.188479457518 1.3393590877401176e-19
279.82968756551156 1.2946118053405508e-19
287.68540901905914 1.2511307022032985e-19
295.76166589932564 1.2088936612188604e-19
304.06464934670686 1.167878083962548e-19
312.60072430687035 1.1280609605865195e-19
321.37643441002757 1.0894189362578785e-19
330.3985069871855 1.0519283741718612e-19
339.67385822722093 1.015565415180976e-19
349.2095984787271 9.803060340915002e-20
359.01303770070683 9.461260926880783e-20
369.09169106627746 9.130013895555232e-20
379.4532847236942 8.809077067740417e-20
390.10576171909935 8.498208535703923e-20
401.0572880855496 8.19716707012685e-20
412.3162591029748 7.905712498410049e-20
423.8913057338783 7.623606055295287e-20
435.791301239703 7.350610706786636e-20
448.025367982949 7.086491448377724e-20
460.60288442023983 6.831015578605716e-20
473.5334922917121 6.583952948960596e-20
486.8271040122284 6.345076191181933e-20
500.49391027009534 6.114160922972909e-20
514.5443878390925 5.890985933155754e-20
528.9893076098145 5.675333347281844e-20
543.8397428464801 5.466988774696183e-20
559.1070776755294 5.265741438039192e-20
574.8030158125351 5.071384286148685e-20
590.9395895340965 4.883714091303513e-20
607.5291689016077 4.7025315317257804e-20
624.5844712439618 4.5276412602333114e-20
642.1185709064758 4.358851959906543e-20
660.1449092734883 4.195976387606286e-20
678.6773050723302 4.038831406149321e-20
697.7299649665538 3.887238005919315e-20
717.3174944465612 3.7410213166601766e-20
737.4549090259546 3.600010610168909e-20
758.1576457522118 3.464039294574143e-20
779.4415750404951 3.3329449008564484e-20
801.3230128396887 3.2065690622360335e-20
823.8187331399602 3.084757487023945e-20
846.9459808314593 2.967359925503078e-20
870.7224849239922 2.854230131376689e-20
895.1664721378302 2.745225818293575e-20
920.296680876041 2.640208611931738e-20
946.132375589076 2.539043998095199e-20
972.6933615426178 2.441601267252684e-20
1000.0 2.3477534559215863e-20
