BOLSIG+ version: 03/2016
Collision input data:
--------------------------------------------------
Reid                                                            
LXCat0.txt
 
 
 
Angular frequency / N (m3/s)               0.000    
Cosine of E-B field angle                  0.000    
Gas temperature (K)                        0.000    
Excitation temperature (K)                 300.0    
Transition energy (eV)                     0.000    
Ionization degree                          0.000    
Plasma density (1/m3)                     0.1000E-05
Ion charge parameter                       1.000    
Ion/neutral mass ratio                     1.000    
e-e momentum effects                       1.000    
Energy sharing                             1.000    
Growth model                               1.000    
Maxwellian mean energy (eV)                0.000    
# of grid points                           400.0    
Precision                                 0.1000E-09
Convergence                               0.1000E-04
Maximum # of iterations                    1000.    
Mole fraction Reid                         1.000    
 
 
E/N (Td)    	Electric field / N (Td)                                         
1.000	1.000
1.040	1.040
1.082	1.082
1.126	1.126
1.171	1.171
1.218	1.218
1.268	1.268
1.319	1.319
1.372	1.372
1.427	1.427
1.485	1.485
1.544	1.544
1.607	1.607
1.671	1.671
1.739	1.739
1.809	1.809
1.882	1.882
1.958	1.958
2.037	2.037
2.119	2.119
2.204	2.204
2.293	2.293
2.385	2.385
2.481	2.481
2.581	2.581
2.686	2.686
2.794	2.794
2.906	2.906
3.024	3.024
3.145	3.145
3.272	3.272
3.404	3.404
3.541	3.541
3.684	3.684
3.833	3.833
3.987	3.987
4.148	4.148
4.315	4.315
4.489	4.489
4.670	4.670
4.858	4.858
5.054	5.054
5.257	5.257
5.469	5.469
5.690	5.690
5.919	5.919
6.158	6.158
6.406	6.406
6.664	6.664
6.933	6.933
7.212	7.212
7.503	7.503
7.805	7.805
8.120	8.120
8.447	8.447
8.788	8.788
9.142	9.142
9.510	9.510
9.894	9.894
10.29	10.29
10.71	10.71
11.14	11.14
11.59	11.59
12.05	12.05
12.54	12.54
13.05	13.05
13.57	13.57
14.12	14.12
14.69	14.69
15.28	15.28
15.90	15.90
16.54	16.54
17.20	17.20
17.90	17.90
18.62	18.62
19.37	19.37
20.15	20.15
20.96	20.96
21.81	21.81
22.69	22.69
23.60	23.60
24.55	24.55
25.54	25.54
26.57	26.57
27.64	27.64
28.75	28.75
29.91	29.91
31.12	31.12
32.37	32.37
33.68	33.68
35.04	35.04
36.45	36.45
37.92	37.92
39.45	39.45
41.04	41.04
42.69	42.69
44.41	44.41
46.20	46.20
48.06	48.06
50.00	50.00
 
 
E/N (Td)    	Grid type                                                       
1.000	0.000
1.040	3.000
1.082	3.000
1.126	3.000
1.171	3.000
1.218	3.000
1.268	3.000
1.319	3.000
1.372	3.000
1.427	3.000
1.485	3.000
1.544	3.000
1.607	3.000
1.671	3.000
1.739	3.000
1.809	3.000
1.882	3.000
1.958	3.000
2.037	3.000
2.119	3.000
2.204	3.000
2.293	3.000
2.385	3.000
2.481	3.000
2.581	3.000
2.686	3.000
2.794	3.000
2.906	3.000
3.024	3.000
3.145	3.000
3.272	3.000
3.404	3.000
3.541	3.000
3.684	3.000
3.833	3.000
3.987	3.000
4.148	3.000
4.315	3.000
4.489	3.000
4.670	3.000
4.858	3.000
5.054	3.000
5.257	3.000
5.469	3.000
5.690	3.000
5.919	3.000
6.158	3.000
6.406	3.000
6.664	3.000
6.933	3.000
7.212	3.000
7.503	3.000
7.805	3.000
8.120	3.000
8.447	3.000
8.788	3.000
9.142	3.000
9.510	3.000
9.894	3.000
10.29	3.000
10.71	3.000
11.14	3.000
11.59	3.000
12.05	3.000
12.54	3.000
13.05	3.000
13.57	3.000
14.12	3.000
14.69	3.000
15.28	3.000
15.90	3.000
16.54	3.000
17.20	3.000
17.90	3.000
18.62	3.000
19.37	3.000
20.15	3.000
20.96	3.000
21.81	3.000
22.69	3.000
23.60	3.000
24.55	3.000
25.54	3.000
26.57	3.000
27.64	3.000
28.75	3.000
29.91	3.000
31.12	3.000
32.37	3.000
33.68	3.000
35.04	3.000
36.45	3.000
37.92	3.000
39.45	3.000
41.04	3.000
42.69	3.000
44.41	3.000
46.20	3.000
48.06	3.000
50.00	3.000
 
 
E/N (Td)    	Maximum energy                                                  
1.000	100.0
1.040	1.165
1.082	1.393
1.126	1.393
1.171	1.393
1.218	1.393
1.268	1.393
1.319	1.393
1.372	1.393
1.427	1.393
1.485	1.393
1.544	1.393
1.607	1.393
1.671	1.393
1.739	1.393
1.809	1.393
1.882	1.393
1.958	1.393
2.037	1.393
2.119	1.393
2.204	1.393
2.293	1.393
2.385	1.393
2.481	1.393
2.581	1.393
2.686	1.393
2.794	1.393
2.906	1.393
3.024	1.393
3.145	1.665
3.272	1.665
3.404	1.665
3.541	1.665
3.684	1.665
3.833	1.665
3.987	1.665
4.148	1.665
4.315	1.665
4.489	1.665
4.670	1.665
4.858	1.665
5.054	1.665
5.257	1.665
5.469	1.665
5.690	1.991
5.919	1.991
6.158	1.991
6.406	1.991
6.664	1.991
6.933	1.991
7.212	1.991
7.503	1.991
7.805	1.991
8.120	1.991
8.447	1.991
8.788	1.991
9.142	1.991
9.510	2.380
9.894	2.380
10.29	2.380
10.71	2.380
11.14	2.380
11.59	2.380
12.05	2.380
12.54	2.380
13.05	2.380
13.57	2.380
14.12	2.380
14.69	2.845
15.28	2.845
15.90	2.845
16.54	2.845
17.20	2.845
17.90	2.845
18.62	2.845
19.37	2.845
20.15	2.845
20.96	2.845
21.81	3.401
22.69	3.401
23.60	3.401
24.55	3.401
25.54	3.401
26.57	3.401
27.64	3.401
28.75	3.401
29.91	3.401
31.12	4.066
32.37	4.066
33.68	4.066
35.04	4.066
36.45	4.066
37.92	4.066
39.45	4.066
41.04	4.066
42.69	4.861
44.41	4.861
46.20	4.861
48.06	4.861
50.00	4.861
 
 
E/N (Td)	Mean energy (eV)
1.000	0.3182
1.040	0.3197
1.082	0.3212
1.126	0.3227
1.171	0.3242
1.218	0.3257
1.268	0.3273
1.319	0.3288
1.372	0.3303
1.427	0.3319
1.485	0.3335
1.544	0.3351
1.607	0.3368
1.671	0.3384
1.739	0.3401
1.809	0.3418
1.882	0.3436
1.958	0.3454
2.037	0.3472
2.119	0.3491
2.204	0.3510
2.293	0.3530
2.385	0.3550
2.481	0.3571
2.581	0.3592
2.686	0.3613
2.794	0.3636
2.906	0.3658
3.024	0.3682
3.145	0.3706
3.272	0.3731
3.404	0.3756
3.541	0.3782
3.684	0.3809
3.833	0.3837
3.987	0.3865
4.148	0.3895
4.315	0.3925
4.489	0.3956
4.670	0.3987
4.858	0.4020
5.054	0.4054
5.257	0.4089
5.469	0.4125
5.690	0.4162
5.919	0.4199
6.158	0.4238
6.406	0.4279
6.664	0.4320
6.933	0.4363
7.212	0.4407
7.503	0.4452
7.805	0.4499
8.120	0.4547
8.447	0.4596
8.788	0.4647
9.142	0.4700
9.510	0.4754
9.894	0.4809
10.29	0.4867
10.71	0.4926
11.14	0.4986
11.59	0.5049
12.05	0.5113
12.54	0.5180
13.05	0.5248
13.57	0.5318
14.12	0.5391
14.69	0.5465
15.28	0.5542
15.90	0.5621
16.54	0.5702
17.20	0.5786
17.90	0.5872
18.62	0.5960
19.37	0.6051
20.15	0.6145
20.96	0.6242
21.81	0.6341
22.69	0.6443
23.60	0.6548
24.55	0.6656
25.54	0.6767
26.57	0.6882
27.64	0.6999
28.75	0.7120
29.91	0.7245
31.12	0.7373
32.37	0.7504
33.68	0.7640
35.04	0.7779
36.45	0.7922
37.92	0.8069
39.45	0.8220
41.04	0.8375
42.69	0.8535
44.41	0.8699
46.20	0.8868
48.06	0.9042
50.00	0.9220
 
 
E/N (Td)	Mobility *N (1/m/V/s)
1.000	0.1057E+26
1.040	0.1053E+26
1.082	0.1049E+26
1.126	0.1044E+26
1.171	0.1039E+26
1.218	0.1035E+26
1.268	0.1030E+26
1.319	0.1025E+26
1.372	0.1021E+26
1.427	0.1016E+26
1.485	0.1011E+26
1.544	0.1006E+26
1.607	0.1001E+26
1.671	0.9955E+25
1.739	0.9901E+25
1.809	0.9846E+25
1.882	0.9790E+25
1.958	0.9733E+25
2.037	0.9674E+25
2.119	0.9614E+25
2.204	0.9553E+25
2.293	0.9490E+25
2.385	0.9426E+25
2.481	0.9360E+25
2.581	0.9292E+25
2.686	0.9223E+25
2.794	0.9153E+25
2.906	0.9081E+25
3.024	0.9006E+25
3.145	0.8931E+25
3.272	0.8854E+25
3.404	0.8775E+25
3.541	0.8694E+25
3.684	0.8612E+25
3.833	0.8528E+25
3.987	0.8442E+25
4.148	0.8355E+25
4.315	0.8266E+25
4.489	0.8175E+25
4.670	0.8083E+25
4.858	0.7990E+25
5.054	0.7895E+25
5.257	0.7798E+25
5.469	0.7700E+25
5.690	0.7601E+25
5.919	0.7501E+25
6.158	0.7399E+25
6.406	0.7296E+25
6.664	0.7192E+25
6.933	0.7087E+25
7.212	0.6981E+25
7.503	0.6874E+25
7.805	0.6767E+25
8.120	0.6658E+25
8.447	0.6549E+25
8.788	0.6440E+25
9.142	0.6329E+25
9.510	0.6219E+25
9.894	0.6108E+25
10.29	0.5997E+25
10.71	0.5886E+25
11.14	0.5775E+25
11.59	0.5664E+25
12.05	0.5553E+25
12.54	0.5442E+25
13.05	0.5331E+25
13.57	0.5221E+25
14.12	0.5111E+25
14.69	0.5002E+25
15.28	0.4894E+25
15.90	0.4786E+25
16.54	0.4679E+25
17.20	0.4573E+25
17.90	0.4467E+25
18.62	0.4363E+25
19.37	0.4259E+25
20.15	0.4157E+25
20.96	0.4056E+25
21.81	0.3956E+25
22.69	0.3857E+25
23.60	0.3759E+25
24.55	0.3663E+25
25.54	0.3569E+25
26.57	0.3475E+25
27.64	0.3383E+25
28.75	0.3293E+25
29.91	0.3204E+25
31.12	0.3116E+25
32.37	0.3030E+25
33.68	0.2946E+25
35.04	0.2863E+25
36.45	0.2782E+25
37.92	0.2702E+25
39.45	0.2624E+25
41.04	0.2548E+25
42.69	0.2473E+25
44.41	0.2400E+25
46.20	0.2328E+25
48.06	0.2258E+25
50.00	0.2190E+25
 
 
E/N (Td)	Diffusion coefficient *N (1/m/s)
1.000	0.2831E+25
1.040	0.2837E+25
1.082	0.2843E+25
1.126	0.2849E+25
1.171	0.2854E+25
1.218	0.2860E+25
1.268	0.2866E+25
1.319	0.2871E+25
1.372	0.2877E+25
1.427	0.2883E+25
1.485	0.2888E+25
1.544	0.2894E+25
1.607	0.2899E+25
1.671	0.2904E+25
1.739	0.2910E+25
1.809	0.2915E+25
1.882	0.2920E+25
1.958	0.2926E+25
2.037	0.2931E+25
2.119	0.2936E+25
2.204	0.2942E+25
2.293	0.2947E+25
2.385	0.2952E+25
2.481	0.2957E+25
2.581	0.2962E+25
2.686	0.2967E+25
2.794	0.2972E+25
2.906	0.2977E+25
3.024	0.2982E+25
3.145	0.2987E+25
3.272	0.2992E+25
3.404	0.2997E+25
3.541	0.3001E+25
3.684	0.3006E+25
3.833	0.3010E+25
3.987	0.3014E+25
4.148	0.3019E+25
4.315	0.3023E+25
4.489	0.3027E+25
4.670	0.3030E+25
4.858	0.3034E+25
5.054	0.3037E+25
5.257	0.3041E+25
5.469	0.3044E+25
5.690	0.3046E+25
5.919	0.3049E+25
6.158	0.3051E+25
6.406	0.3054E+25
6.664	0.3055E+25
6.933	0.3057E+25
7.212	0.3058E+25
7.503	0.3059E+25
7.805	0.3060E+25
8.120	0.3060E+25
8.447	0.3060E+25
8.788	0.3060E+25
9.142	0.3059E+25
9.510	0.3058E+25
9.894	0.3057E+25
10.29	0.3055E+25
10.71	0.3053E+25
11.14	0.3050E+25
11.59	0.3047E+25
12.05	0.3044E+25
12.54	0.3040E+25
13.05	0.3035E+25
13.57	0.3031E+25
14.12	0.3025E+25
14.69	0.3020E+25
15.28	0.3013E+25
15.90	0.3007E+25
16.54	0.2999E+25
17.20	0.2992E+25
17.90	0.2984E+25
18.62	0.2975E+25
19.37	0.2966E+25
20.15	0.2956E+25
20.96	0.2946E+25
21.81	0.2936E+25
22.69	0.2925E+25
23.60	0.2913E+25
24.55	0.2901E+25
25.54	0.2889E+25
26.57	0.2876E+25
27.64	0.2862E+25
28.75	0.2849E+25
29.91	0.2834E+25
31.12	0.2820E+25
32.37	0.2804E+25
33.68	0.2789E+25
35.04	0.2773E+25
36.45	0.2757E+25
37.92	0.2740E+25
39.45	0.2723E+25
41.04	0.2705E+25
42.69	0.2688E+25
44.41	0.2670E+25
46.20	0.2651E+25
48.06	0.2632E+25
50.00	0.2613E+25
 
 
E/N (Td)	Energy mobility *N (1/m/V/s)
1.000	0.1727E+26
1.040	0.1719E+26
1.082	0.1712E+26
1.126	0.1705E+26
1.171	0.1697E+26
1.218	0.1689E+26
1.268	0.1682E+26
1.319	0.1674E+26
1.372	0.1665E+26
1.427	0.1657E+26
1.485	0.1648E+26
1.544	0.1640E+26
1.607	0.1631E+26
1.671	0.1622E+26
1.739	0.1612E+26
1.809	0.1602E+26
1.882	0.1592E+26
1.958	0.1582E+26
2.037	0.1572E+26
2.119	0.1561E+26
2.204	0.1550E+26
2.293	0.1539E+26
2.385	0.1527E+26
2.481	0.1516E+26
2.581	0.1504E+26
2.686	0.1491E+26
2.794	0.1478E+26
2.906	0.1466E+26
3.024	0.1452E+26
3.145	0.1439E+26
3.272	0.1425E+26
3.404	0.1411E+26
3.541	0.1396E+26
3.684	0.1382E+26
3.833	0.1367E+26
3.987	0.1351E+26
4.148	0.1336E+26
4.315	0.1320E+26
4.489	0.1304E+26
4.670	0.1288E+26
4.858	0.1271E+26
5.054	0.1255E+26
5.257	0.1238E+26
5.469	0.1221E+26
5.690	0.1203E+26
5.919	0.1186E+26
6.158	0.1168E+26
6.406	0.1150E+26
6.664	0.1132E+26
6.933	0.1114E+26
7.212	0.1096E+26
7.503	0.1077E+26
7.805	0.1059E+26
8.120	0.1040E+26
8.447	0.1022E+26
8.788	0.1003E+26
9.142	0.9843E+25
9.510	0.9656E+25
9.894	0.9469E+25
10.29	0.9282E+25
10.71	0.9095E+25
11.14	0.8909E+25
11.59	0.8724E+25
12.05	0.8539E+25
12.54	0.8355E+25
13.05	0.8172E+25
13.57	0.7990E+25
14.12	0.7809E+25
14.69	0.7630E+25
15.28	0.7452E+25
15.90	0.7276E+25
16.54	0.7102E+25
17.20	0.6929E+25
17.90	0.6759E+25
18.62	0.6590E+25
19.37	0.6424E+25
20.15	0.6259E+25
20.96	0.6097E+25
21.81	0.5938E+25
22.69	0.5780E+25
23.60	0.5626E+25
24.55	0.5473E+25
25.54	0.5324E+25
26.57	0.5177E+25
27.64	0.5032E+25
28.75	0.4890E+25
29.91	0.4751E+25
31.12	0.4615E+25
32.37	0.4481E+25
33.68	0.4350E+25
35.04	0.4222E+25
36.45	0.4097E+25
37.92	0.3974E+25
39.45	0.3855E+25
41.04	0.3738E+25
42.69	0.3623E+25
44.41	0.3512E+25
46.20	0.3403E+25
48.06	0.3297E+25
50.00	0.3193E+25
 
 
E/N (Td)	Energy diffusion coef. D*N (1/m/s)
1.000	0.3176E+25
1.040	0.3181E+25
1.082	0.3187E+25
1.126	0.3192E+25
1.171	0.3197E+25
1.218	0.3203E+25
1.268	0.3208E+25
1.319	0.3213E+25
1.372	0.3218E+25
1.427	0.3223E+25
1.485	0.3228E+25
1.544	0.3233E+25
1.607	0.3237E+25
1.671	0.3242E+25
1.739	0.3247E+25
1.809	0.3251E+25
1.882	0.3256E+25
1.958	0.3260E+25
2.037	0.3265E+25
2.119	0.3269E+25
2.204	0.3273E+25
2.293	0.3277E+25
2.385	0.3281E+25
2.481	0.3285E+25
2.581	0.3288E+25
2.686	0.3292E+25
2.794	0.3295E+25
2.906	0.3298E+25
3.024	0.3301E+25
3.145	0.3303E+25
3.272	0.3306E+25
3.404	0.3308E+25
3.541	0.3310E+25
3.684	0.3312E+25
3.833	0.3314E+25
3.987	0.3315E+25
4.148	0.3316E+25
4.315	0.3316E+25
4.489	0.3317E+25
4.670	0.3316E+25
4.858	0.3316E+25
5.054	0.3315E+25
5.257	0.3314E+25
5.469	0.3312E+25
5.690	0.3310E+25
5.919	0.3307E+25
6.158	0.3305E+25
6.406	0.3301E+25
6.664	0.3297E+25
6.933	0.3293E+25
7.212	0.3288E+25
7.503	0.3282E+25
7.805	0.3276E+25
8.120	0.3269E+25
8.447	0.3262E+25
8.788	0.3254E+25
9.142	0.3246E+25
9.510	0.3237E+25
9.894	0.3227E+25
10.29	0.3217E+25
10.71	0.3206E+25
11.14	0.3195E+25
11.59	0.3183E+25
12.05	0.3170E+25
12.54	0.3157E+25
13.05	0.3143E+25
13.57	0.3129E+25
14.12	0.3114E+25
14.69	0.3098E+25
15.28	0.3082E+25
15.90	0.3065E+25
16.54	0.3048E+25
17.20	0.3030E+25
17.90	0.3012E+25
18.62	0.2993E+25
19.37	0.2974E+25
20.15	0.2954E+25
20.96	0.2933E+25
21.81	0.2912E+25
22.69	0.2891E+25
23.60	0.2869E+25
24.55	0.2847E+25
25.54	0.2824E+25
26.57	0.2801E+25
27.64	0.2778E+25
28.75	0.2754E+25
29.91	0.2730E+25
31.12	0.2706E+25
32.37	0.2681E+25
33.68	0.2657E+25
35.04	0.2631E+25
36.45	0.2606E+25
37.92	0.2581E+25
39.45	0.2555E+25
41.04	0.2529E+25
42.69	0.2503E+25
44.41	0.2477E+25
46.20	0.2451E+25
48.06	0.2425E+25
50.00	0.2398E+25
 
 
E/N (Td)	Total collision freq. /N (m3/s)
1.000	0.1228E-13
1.040	0.1232E-13
1.082	0.1235E-13
1.126	0.1238E-13
1.171	0.1242E-13
1.218	0.1245E-13
1.268	0.1249E-13
1.319	0.1252E-13
1.372	0.1256E-13
1.427	0.1260E-13
1.485	0.1264E-13
1.544	0.1267E-13
1.607	0.1271E-13
1.671	0.1276E-13
1.739	0.1280E-13
1.809	0.1284E-13
1.882	0.1289E-13
1.958	0.1293E-13
2.037	0.1298E-13
2.119	0.1303E-13
2.204	0.1308E-13
2.293	0.1313E-13
2.385	0.1319E-13
2.481	0.1325E-13
2.581	0.1330E-13
2.686	0.1337E-13
2.794	0.1343E-13
2.906	0.1350E-13
3.024	0.1357E-13
3.145	0.1364E-13
3.272	0.1371E-13
3.404	0.1379E-13
3.541	0.1388E-13
3.684	0.1396E-13
3.833	0.1405E-13
3.987	0.1415E-13
4.148	0.1424E-13
4.315	0.1435E-13
4.489	0.1445E-13
4.670	0.1456E-13
4.858	0.1468E-13
5.054	0.1480E-13
5.257	0.1493E-13
5.469	0.1506E-13
5.690	0.1520E-13
5.919	0.1535E-13
6.158	0.1550E-13
6.406	0.1566E-13
6.664	0.1583E-13
6.933	0.1600E-13
7.212	0.1619E-13
7.503	0.1638E-13
7.805	0.1658E-13
8.120	0.1679E-13
8.447	0.1701E-13
8.788	0.1724E-13
9.142	0.1748E-13
9.510	0.1773E-13
9.894	0.1799E-13
10.29	0.1827E-13
10.71	0.1855E-13
11.14	0.1885E-13
11.59	0.1917E-13
12.05	0.1950E-13
12.54	0.1984E-13
13.05	0.2020E-13
13.57	0.2057E-13
14.12	0.2096E-13
14.69	0.2137E-13
15.28	0.2180E-13
15.90	0.2224E-13
16.54	0.2271E-13
17.20	0.2320E-13
17.90	0.2370E-13
18.62	0.2423E-13
19.37	0.2479E-13
20.15	0.2536E-13
20.96	0.2596E-13
21.81	0.2659E-13
22.69	0.2725E-13
23.60	0.2793E-13
24.55	0.2864E-13
25.54	0.2939E-13
26.57	0.3016E-13
27.64	0.3097E-13
28.75	0.3181E-13
29.91	0.3269E-13
31.12	0.3360E-13
32.37	0.3455E-13
33.68	0.3554E-13
35.04	0.3658E-13
36.45	0.3765E-13
37.92	0.3877E-13
39.45	0.3994E-13
41.04	0.4116E-13
42.69	0.4242E-13
44.41	0.4374E-13
46.20	0.4511E-13
48.06	0.4654E-13
50.00	0.4803E-13
 
 
E/N (Td)	Momentum frequency /N (m3/s)
1.000	0.1663E-13
1.040	0.1670E-13
1.082	0.1677E-13
1.126	0.1685E-13
1.171	0.1692E-13
1.218	0.1700E-13
1.268	0.1707E-13
1.319	0.1715E-13
1.372	0.1723E-13
1.427	0.1731E-13
1.485	0.1740E-13
1.544	0.1749E-13
1.607	0.1758E-13
1.671	0.1767E-13
1.739	0.1776E-13
1.809	0.1786E-13
1.882	0.1797E-13
1.958	0.1807E-13
2.037	0.1818E-13
2.119	0.1829E-13
2.204	0.1841E-13
2.293	0.1853E-13
2.385	0.1866E-13
2.481	0.1879E-13
2.581	0.1893E-13
2.686	0.1907E-13
2.794	0.1922E-13
2.906	0.1937E-13
3.024	0.1953E-13
3.145	0.1969E-13
3.272	0.1987E-13
3.404	0.2004E-13
3.541	0.2023E-13
3.684	0.2042E-13
3.833	0.2063E-13
3.987	0.2083E-13
4.148	0.2105E-13
4.315	0.2128E-13
4.489	0.2151E-13
4.670	0.2176E-13
4.858	0.2201E-13
5.054	0.2228E-13
5.257	0.2255E-13
5.469	0.2284E-13
5.690	0.2314E-13
5.919	0.2345E-13
6.158	0.2377E-13
6.406	0.2411E-13
6.664	0.2446E-13
6.933	0.2482E-13
7.212	0.2519E-13
7.503	0.2559E-13
7.805	0.2599E-13
8.120	0.2642E-13
8.447	0.2686E-13
8.788	0.2731E-13
9.142	0.2779E-13
9.510	0.2828E-13
9.894	0.2880E-13
10.29	0.2933E-13
10.71	0.2988E-13
11.14	0.3046E-13
11.59	0.3105E-13
12.05	0.3168E-13
12.54	0.3232E-13
13.05	0.3299E-13
13.57	0.3369E-13
14.12	0.3441E-13
14.69	0.3516E-13
15.28	0.3594E-13
15.90	0.3675E-13
16.54	0.3759E-13
17.20	0.3847E-13
17.90	0.3937E-13
18.62	0.4031E-13
19.37	0.4129E-13
20.15	0.4231E-13
20.96	0.4337E-13
21.81	0.4446E-13
22.69	0.4560E-13
23.60	0.4678E-13
24.55	0.4801E-13
25.54	0.4929E-13
26.57	0.5061E-13
27.64	0.5199E-13
28.75	0.5342E-13
29.91	0.5490E-13
31.12	0.5644E-13
32.37	0.5804E-13
33.68	0.5971E-13
35.04	0.6143E-13
36.45	0.6323E-13
37.92	0.6509E-13
39.45	0.6703E-13
41.04	0.6904E-13
42.69	0.7113E-13
44.41	0.7330E-13
46.20	0.7555E-13
48.06	0.7789E-13
50.00	0.8033E-13
 
 
E/N (Td)	Power /N (eV m3/s)
1.000	0.1057E-16
1.040	0.1140E-16
1.082	0.1228E-16
1.126	0.1323E-16
1.171	0.1426E-16
1.218	0.1536E-16
1.268	0.1655E-16
1.319	0.1783E-16
1.372	0.1921E-16
1.427	0.2069E-16
1.485	0.2228E-16
1.544	0.2399E-16
1.607	0.2583E-16
1.671	0.2781E-16
1.739	0.2994E-16
1.809	0.3222E-16
1.882	0.3467E-16
1.958	0.3730E-16
2.037	0.4013E-16
2.119	0.4316E-16
2.204	0.4641E-16
2.293	0.4989E-16
2.385	0.5363E-16
2.481	0.5764E-16
2.581	0.6193E-16
2.686	0.6652E-16
2.794	0.7144E-16
2.906	0.7670E-16
3.024	0.8234E-16
3.145	0.8836E-16
3.272	0.9480E-16
3.404	0.1017E-15
3.541	0.1090E-15
3.684	0.1169E-15
3.833	0.1253E-15
3.987	0.1342E-15
4.148	0.1437E-15
4.315	0.1539E-15
4.489	0.1647E-15
4.670	0.1763E-15
4.858	0.1886E-15
5.054	0.2016E-15
5.257	0.2156E-15
5.469	0.2303E-15
5.690	0.2461E-15
5.919	0.2628E-15
6.158	0.2806E-15
6.406	0.2994E-15
6.664	0.3194E-15
6.933	0.3406E-15
7.212	0.3631E-15
7.503	0.3870E-15
7.805	0.4122E-15
8.120	0.4390E-15
8.447	0.4673E-15
8.788	0.4973E-15
9.142	0.5290E-15
9.510	0.5625E-15
9.894	0.5979E-15
10.29	0.6353E-15
10.71	0.6748E-15
11.14	0.7165E-15
11.59	0.7605E-15
12.05	0.8069E-15
12.54	0.8558E-15
13.05	0.9074E-15
13.57	0.9618E-15
14.12	0.1019E-14
14.69	0.1079E-14
15.28	0.1143E-14
15.90	0.1209E-14
16.54	0.1280E-14
17.20	0.1353E-14
17.90	0.1431E-14
18.62	0.1512E-14
19.37	0.1598E-14
20.15	0.1688E-14
20.96	0.1782E-14
21.81	0.1881E-14
22.69	0.1985E-14
23.60	0.2094E-14
24.55	0.2208E-14
25.54	0.2328E-14
26.57	0.2453E-14
27.64	0.2585E-14
28.75	0.2723E-14
29.91	0.2867E-14
31.12	0.3018E-14
32.37	0.3176E-14
33.68	0.3341E-14
35.04	0.3514E-14
36.45	0.3696E-14
37.92	0.3885E-14
39.45	0.4083E-14
41.04	0.4290E-14
42.69	0.4506E-14
44.41	0.4733E-14
46.20	0.4969E-14
48.06	0.5216E-14
50.00	0.5474E-14
 
 
E/N (Td)	Elastic power loss /N (eV m3/s)
1.000	0.1210E-17
1.040	0.1219E-17
1.082	0.1228E-17
1.126	0.1237E-17
1.171	0.1246E-17
1.218	0.1256E-17
1.268	0.1266E-17
1.319	0.1276E-17
1.372	0.1286E-17
1.427	0.1296E-17
1.485	0.1307E-17
1.544	0.1318E-17
1.607	0.1329E-17
1.671	0.1340E-17
1.739	0.1352E-17
1.809	0.1365E-17
1.882	0.1377E-17
1.958	0.1390E-17
2.037	0.1404E-17
2.119	0.1418E-17
2.204	0.1433E-17
2.293	0.1448E-17
2.385	0.1464E-17
2.481	0.1480E-17
2.581	0.1497E-17
2.686	0.1515E-17
2.794	0.1533E-17
2.906	0.1553E-17
3.024	0.1573E-17
3.145	0.1594E-17
3.272	0.1616E-17
3.404	0.1639E-17
3.541	0.1663E-17
3.684	0.1688E-17
3.833	0.1714E-17
3.987	0.1741E-17
4.148	0.1770E-17
4.315	0.1800E-17
4.489	0.1832E-17
4.670	0.1865E-17
4.858	0.1900E-17
5.054	0.1936E-17
5.257	0.1975E-17
5.469	0.2015E-17
5.690	0.2057E-17
5.919	0.2101E-17
6.158	0.2148E-17
6.406	0.2197E-17
6.664	0.2248E-17
6.933	0.2302E-17
7.212	0.2359E-17
7.503	0.2419E-17
7.805	0.2482E-17
8.120	0.2549E-17
8.447	0.2619E-17
8.788	0.2693E-17
9.142	0.2770E-17
9.510	0.2852E-17
9.894	0.2938E-17
10.29	0.3029E-17
10.71	0.3125E-17
11.14	0.3226E-17
11.59	0.3333E-17
12.05	0.3445E-17
12.54	0.3564E-17
13.05	0.3689E-17
13.57	0.3821E-17
14.12	0.3960E-17
14.69	0.4108E-17
15.28	0.4263E-17
15.90	0.4428E-17
16.54	0.4601E-17
17.20	0.4785E-17
17.90	0.4979E-17
18.62	0.5184E-17
19.37	0.5400E-17
20.15	0.5630E-17
20.96	0.5872E-17
21.81	0.6128E-17
22.69	0.6399E-17
23.60	0.6686E-17
24.55	0.6989E-17
25.54	0.7310E-17
26.57	0.7650E-17
27.64	0.8010E-17
28.75	0.8390E-17
29.91	0.8794E-17
31.12	0.9221E-17
32.37	0.9673E-17
33.68	0.1015E-16
35.04	0.1066E-16
36.45	0.1120E-16
37.92	0.1177E-16
39.45	0.1237E-16
41.04	0.1301E-16
42.69	0.1369E-16
44.41	0.1441E-16
46.20	0.1518E-16
48.06	0.1599E-16
50.00	0.1685E-16
 
 
E/N (Td)	Inelastic power loss /N (eV m3/s)
1.000	0.9365E-17
1.040	0.1018E-16
1.082	0.1105E-16
1.126	0.1200E-16
1.171	0.1301E-16
1.218	0.1411E-16
1.268	0.1529E-16
1.319	0.1656E-16
1.372	0.1792E-16
1.427	0.1939E-16
1.485	0.2097E-16
1.544	0.2267E-16
1.607	0.2450E-16
1.671	0.2647E-16
1.739	0.2858E-16
1.809	0.3085E-16
1.882	0.3329E-16
1.958	0.3591E-16
2.037	0.3872E-16
2.119	0.4174E-16
2.204	0.4498E-16
2.293	0.4845E-16
2.385	0.5217E-16
2.481	0.5616E-16
2.581	0.6043E-16
2.686	0.6501E-16
2.794	0.6991E-16
2.906	0.7515E-16
3.024	0.8076E-16
3.145	0.8676E-16
3.272	0.9318E-16
3.404	0.1000E-15
3.541	0.1074E-15
3.684	0.1152E-15
3.833	0.1235E-15
3.987	0.1325E-15
4.148	0.1420E-15
4.315	0.1521E-15
4.489	0.1629E-15
4.670	0.1744E-15
4.858	0.1867E-15
5.054	0.1997E-15
5.257	0.2136E-15
5.469	0.2283E-15
5.690	0.2440E-15
5.919	0.2607E-15
6.158	0.2784E-15
6.406	0.2972E-15
6.664	0.3172E-15
6.933	0.3383E-15
7.212	0.3608E-15
7.503	0.3846E-15
7.805	0.4098E-15
8.120	0.4364E-15
8.447	0.4647E-15
8.788	0.4946E-15
9.142	0.5262E-15
9.510	0.5596E-15
9.894	0.5950E-15
10.29	0.6323E-15
10.71	0.6717E-15
11.14	0.7133E-15
11.59	0.7572E-15
12.05	0.8035E-15
12.54	0.8523E-15
13.05	0.9037E-15
13.57	0.9579E-15
14.12	0.1015E-14
14.69	0.1075E-14
15.28	0.1138E-14
15.90	0.1205E-14
16.54	0.1275E-14
17.20	0.1348E-14
17.90	0.1426E-14
18.62	0.1507E-14
19.37	0.1592E-14
20.15	0.1682E-14
20.96	0.1776E-14
21.81	0.1875E-14
22.69	0.1978E-14
23.60	0.2087E-14
24.55	0.2201E-14
25.54	0.2320E-14
26.57	0.2446E-14
27.64	0.2577E-14
28.75	0.2714E-14
29.91	0.2858E-14
31.12	0.3009E-14
32.37	0.3166E-14
33.68	0.3331E-14
35.04	0.3504E-14
36.45	0.3684E-14
37.92	0.3873E-14
39.45	0.4071E-14
41.04	0.4277E-14
42.69	0.4493E-14
44.41	0.4718E-14
46.20	0.4954E-14
48.06	0.5200E-14
50.00	0.5457E-14
 
 
E/N (Td)	Maximum energy
1.000	1.165
1.040	1.393
1.082	1.393
1.126	1.393
1.171	1.393
1.218	1.393
1.268	1.393
1.319	1.393
1.372	1.393
1.427	1.393
1.485	1.393
1.544	1.393
1.607	1.393
1.671	1.393
1.739	1.393
1.809	1.393
1.882	1.393
1.958	1.393
2.037	1.393
2.119	1.393
2.204	1.393
2.293	1.393
2.385	1.393
2.481	1.393
2.581	1.393
2.686	1.393
2.794	1.393
2.906	1.393
3.024	1.665
3.145	1.665
3.272	1.665
3.404	1.665
3.541	1.665
3.684	1.665
3.833	1.665
3.987	1.665
4.148	1.665
4.315	1.665
4.489	1.665
4.670	1.665
4.858	1.665
5.054	1.665
5.257	1.665
5.469	1.991
5.690	1.991
5.919	1.991
6.158	1.991
6.406	1.991
6.664	1.991
6.933	1.991
7.212	1.991
7.503	1.991
7.805	1.991
8.120	1.991
8.447	1.991
8.788	1.991
9.142	2.380
9.510	2.380
9.894	2.380
10.29	2.380
10.71	2.380
11.14	2.380
11.59	2.380
12.05	2.380
12.54	2.380
13.05	2.380
13.57	2.380
14.12	2.845
14.69	2.845
15.28	2.845
15.90	2.845
16.54	2.845
17.20	2.845
17.90	2.845
18.62	2.845
19.37	2.845
20.15	2.845
20.96	3.401
21.81	3.401
22.69	3.401
23.60	3.401
24.55	3.401
25.54	3.401
26.57	3.401
27.64	3.401
28.75	3.401
29.91	4.066
31.12	4.066
32.37	4.066
33.68	4.066
35.04	4.066
36.45	4.066
37.92	4.066
39.45	4.066
41.04	4.861
42.69	4.861
44.41	4.861
46.20	4.861
48.06	4.861
50.00	4.861
 
 
E/N (Td)	# of iterations
1.000	8.000
1.040	8.000
1.082	4.000
1.126	4.000
1.171	4.000
1.218	4.000
1.268	4.000
1.319	4.000
1.372	4.000
1.427	4.000
1.485	4.000
1.544	4.000
1.607	4.000
1.671	4.000
1.739	4.000
1.809	4.000
1.882	4.000
1.958	4.000
2.037	4.000
2.119	4.000
2.204	4.000
2.293	4.000
2.385	4.000
2.481	4.000
2.581	4.000
2.686	4.000
2.794	4.000
2.906	4.000
3.024	8.000
3.145	4.000
3.272	4.000
3.404	4.000
3.541	4.000
3.684	4.000
3.833	4.000
3.987	4.000
4.148	4.000
4.315	4.000
4.489	4.000
4.670	4.000
4.858	4.000
5.054	4.000
5.257	4.000
5.469	8.000
5.690	4.000
5.919	4.000
6.158	4.000
6.406	4.000
6.664	4.000
6.933	4.000
7.212	4.000
7.503	4.000
7.805	4.000
8.120	4.000
8.447	4.000
8.788	4.000
9.142	8.000
9.510	4.000
9.894	4.000
10.29	4.000
10.71	4.000
11.14	4.000
11.59	4.000
12.05	4.000
12.54	4.000
13.05	4.000
13.57	4.000
14.12	8.000
14.69	4.000
15.28	4.000
15.90	4.000
16.54	4.000
17.20	4.000
17.90	4.000
18.62	4.000
19.37	4.000
20.15	4.000
20.96	8.000
21.81	4.000
22.69	4.000
23.60	4.000
24.55	4.000
25.54	4.000
26.57	4.000
27.64	4.000
28.75	4.000
29.91	8.000
31.12	4.000
32.37	4.000
33.68	4.000
35.04	4.000
36.45	4.000
37.92	4.000
39.45	4.000
41.04	8.000
42.69	4.000
44.41	4.000
46.20	4.000
48.06	4.000
50.00	4.000
 
 
E/N (Td)	# of grid trials
1.000	2.000
1.040	2.000
1.082	1.000
1.126	1.000
1.171	1.000
1.218	1.000
1.268	1.000
1.319	1.000
1.372	1.000
1.427	1.000
1.485	1.000
1.544	1.000
1.607	1.000
1.671	1.000
1.739	1.000
1.809	1.000
1.882	1.000
1.958	1.000
2.037	1.000
2.119	1.000
2.204	1.000
2.293	1.000
2.385	1.000
2.481	1.000
2.581	1.000
2.686	1.000
2.794	1.000
2.906	1.000
3.024	2.000
3.145	1.000
3.272	1.000
3.404	1.000
3.541	1.000
3.684	1.000
3.833	1.000
3.987	1.000
4.148	1.000
4.315	1.000
4.489	1.000
4.670	1.000
4.858	1.000
5.054	1.000
5.257	1.000
5.469	2.000
5.690	1.000
5.919	1.000
6.158	1.000
6.406	1.000
6.664	1.000
6.933	1.000
7.212	1.000
7.503	1.000
7.805	1.000
8.120	1.000
8.447	1.000
8.788	1.000
9.142	2.000
9.510	1.000
9.894	1.000
10.29	1.000
10.71	1.000
11.14	1.000
11.59	1.000
12.05	1.000
12.54	1.000
13.05	1.000
13.57	1.000
14.12	2.000
14.69	1.000
15.28	1.000
15.90	1.000
16.54	1.000
17.20	1.000
17.90	1.000
18.62	1.000
19.37	1.000
20.15	1.000
20.96	2.000
21.81	1.000
22.69	1.000
23.60	1.000
24.55	1.000
25.54	1.000
26.57	1.000
27.64	1.000
28.75	1.000
29.91	2.000
31.12	1.000
32.37	1.000
33.68	1.000
35.04	1.000
36.45	1.000
37.92	1.000
39.45	1.000
41.04	2.000
42.69	1.000
44.41	1.000
46.20	1.000
48.06	1.000
50.00	1.000
 
 
C1    Reid    Elastic                                           
E/N (Td)	Rate coefficient (m3/s)
1.000	0.1223E-13
1.040	0.1226E-13
1.082	0.1229E-13
1.126	0.1232E-13
1.171	0.1235E-13
1.218	0.1238E-13
1.268	0.1241E-13
1.319	0.1244E-13
1.372	0.1247E-13
1.427	0.1250E-13
1.485	0.1253E-13
1.544	0.1256E-13
1.607	0.1259E-13
1.671	0.1262E-13
1.739	0.1265E-13
1.809	0.1268E-13
1.882	0.1272E-13
1.958	0.1275E-13
2.037	0.1278E-13
2.119	0.1282E-13
2.204	0.1285E-13
2.293	0.1289E-13
2.385	0.1292E-13
2.481	0.1296E-13
2.581	0.1300E-13
2.686	0.1304E-13
2.794	0.1308E-13
2.906	0.1312E-13
3.024	0.1316E-13
3.145	0.1320E-13
3.272	0.1325E-13
3.404	0.1329E-13
3.541	0.1334E-13
3.684	0.1338E-13
3.833	0.1343E-13
3.987	0.1348E-13
4.148	0.1353E-13
4.315	0.1358E-13
4.489	0.1363E-13
4.670	0.1369E-13
4.858	0.1374E-13
5.054	0.1380E-13
5.257	0.1386E-13
5.469	0.1392E-13
5.690	0.1398E-13
5.919	0.1404E-13
6.158	0.1410E-13
6.406	0.1417E-13
6.664	0.1424E-13
6.933	0.1431E-13
7.212	0.1438E-13
7.503	0.1445E-13
7.805	0.1452E-13
8.120	0.1460E-13
8.447	0.1468E-13
8.788	0.1476E-13
9.142	0.1484E-13
9.510	0.1492E-13
9.894	0.1501E-13
10.29	0.1510E-13
10.71	0.1519E-13
11.14	0.1528E-13
11.59	0.1537E-13
12.05	0.1547E-13
12.54	0.1557E-13
13.05	0.1567E-13
13.57	0.1577E-13
14.12	0.1588E-13
14.69	0.1598E-13
15.28	0.1609E-13
15.90	0.1621E-13
16.54	0.1632E-13
17.20	0.1644E-13
17.90	0.1656E-13
18.62	0.1668E-13
19.37	0.1681E-13
20.15	0.1694E-13
20.96	0.1707E-13
21.81	0.1720E-13
22.69	0.1734E-13
23.60	0.1748E-13
24.55	0.1762E-13
25.54	0.1776E-13
26.57	0.1791E-13
27.64	0.1806E-13
28.75	0.1822E-13
29.91	0.1837E-13
31.12	0.1853E-13
32.37	0.1870E-13
33.68	0.1886E-13
35.04	0.1903E-13
36.45	0.1920E-13
37.92	0.1938E-13
39.45	0.1956E-13
41.04	0.1974E-13
42.69	0.1993E-13
44.41	0.2012E-13
46.20	0.2031E-13
48.06	0.2051E-13
50.00	0.2071E-13
 
 
C2    Reid    Excitation    0.20 eV                             
E/N (Td)	Rate coefficient (m3/s)
1.000	0.4777E-16
1.040	0.5185E-16
1.082	0.5625E-16
1.126	0.6099E-16
1.171	0.6610E-16
1.218	0.7160E-16
1.268	0.7752E-16
1.319	0.8389E-16
1.372	0.9075E-16
1.427	0.9812E-16
1.485	0.1061E-15
1.544	0.1146E-15
1.607	0.1238E-15
1.671	0.1336E-15
1.739	0.1442E-15
1.809	0.1556E-15
1.882	0.1678E-15
1.958	0.1810E-15
2.037	0.1951E-15
2.119	0.2102E-15
2.204	0.2264E-15
2.293	0.2438E-15
2.385	0.2625E-15
2.481	0.2824E-15
2.581	0.3039E-15
2.686	0.3268E-15
2.794	0.3514E-15
2.906	0.3776E-15
3.024	0.4057E-15
3.145	0.4358E-15
3.272	0.4680E-15
3.404	0.5023E-15
3.541	0.5390E-15
3.684	0.5782E-15
3.833	0.6200E-15
3.987	0.6647E-15
4.148	0.7123E-15
4.315	0.7631E-15
4.489	0.8172E-15
4.670	0.8748E-15
4.858	0.9362E-15
5.054	0.1001E-14
5.257	0.1071E-14
5.469	0.1145E-14
5.690	0.1223E-14
5.919	0.1307E-14
6.158	0.1396E-14
6.406	0.1490E-14
6.664	0.1590E-14
6.933	0.1696E-14
7.212	0.1808E-14
7.503	0.1927E-14
7.805	0.2053E-14
8.120	0.2187E-14
8.447	0.2328E-14
8.788	0.2478E-14
9.142	0.2636E-14
9.510	0.2804E-14
9.894	0.2980E-14
10.29	0.3167E-14
10.71	0.3364E-14
11.14	0.3573E-14
11.59	0.3792E-14
12.05	0.4024E-14
12.54	0.4269E-14
13.05	0.4526E-14
13.57	0.4797E-14
14.12	0.5083E-14
14.69	0.5384E-14
15.28	0.5701E-14
15.90	0.6034E-14
16.54	0.6384E-14
17.20	0.6752E-14
17.90	0.7140E-14
18.62	0.7546E-14
19.37	0.7974E-14
20.15	0.8422E-14
20.96	0.8893E-14
21.81	0.9387E-14
22.69	0.9906E-14
23.60	0.1045E-13
24.55	0.1102E-13
25.54	0.1162E-13
26.57	0.1224E-13
27.64	0.1290E-13
28.75	0.1359E-13
29.91	0.1431E-13
31.12	0.1506E-13
32.37	0.1585E-13
33.68	0.1668E-13
35.04	0.1754E-13
36.45	0.1844E-13
37.92	0.1939E-13
39.45	0.2038E-13
41.04	0.2141E-13
42.69	0.2249E-13
44.41	0.2362E-13
46.20	0.2480E-13
48.06	0.2603E-13
50.00	0.2732E-13
 
 
Reid                                                            
E/N (Td)	Inelastic energy loss coefficient (eV m3/s)
1.000	0.9374E-17
1.040	0.1019E-16
1.082	0.1106E-16
1.126	0.1201E-16
1.171	0.1302E-16
1.218	0.1412E-16
1.268	0.1530E-16
1.319	0.1657E-16
1.372	0.1794E-16
1.427	0.1941E-16
1.485	0.2099E-16
1.544	0.2270E-16
1.607	0.2453E-16
1.671	0.2649E-16
1.739	0.2861E-16
1.809	0.3088E-16
1.882	0.3332E-16
1.958	0.3594E-16
2.037	0.3876E-16
2.119	0.4178E-16
2.204	0.4502E-16
2.293	0.4849E-16
2.385	0.5222E-16
2.481	0.5621E-16
2.581	0.6049E-16
2.686	0.6507E-16
2.794	0.6997E-16
2.906	0.7522E-16
3.024	0.8084E-16
3.145	0.8685E-16
3.272	0.9327E-16
3.404	0.1001E-15
3.541	0.1075E-15
3.684	0.1153E-15
3.833	0.1237E-15
3.987	0.1326E-15
4.148	0.1421E-15
4.315	0.1522E-15
4.489	0.1631E-15
4.670	0.1746E-15
4.858	0.1868E-15
5.054	0.1999E-15
5.257	0.2138E-15
5.469	0.2286E-15
5.690	0.2443E-15
5.919	0.2610E-15
6.158	0.2787E-15
6.406	0.2975E-15
6.664	0.3175E-15
6.933	0.3387E-15
7.212	0.3612E-15
7.503	0.3850E-15
7.805	0.4102E-15
8.120	0.4369E-15
8.447	0.4652E-15
8.788	0.4951E-15
9.142	0.5268E-15
9.510	0.5603E-15
9.894	0.5956E-15
10.29	0.6330E-15
10.71	0.6725E-15
11.14	0.7141E-15
11.59	0.7581E-15
12.05	0.8044E-15
12.54	0.8533E-15
13.05	0.9049E-15
13.57	0.9591E-15
14.12	0.1016E-14
14.69	0.1076E-14
15.28	0.1140E-14
15.90	0.1206E-14
16.54	0.1277E-14
17.20	0.1350E-14
17.90	0.1428E-14
18.62	0.1509E-14
19.37	0.1595E-14
20.15	0.1684E-14
20.96	0.1779E-14
21.81	0.1878E-14
22.69	0.1981E-14
23.60	0.2090E-14
24.55	0.2204E-14
25.54	0.2324E-14
26.57	0.2449E-14
27.64	0.2581E-14
28.75	0.2718E-14
29.91	0.2863E-14
31.12	0.3013E-14
32.37	0.3171E-14
33.68	0.3337E-14
35.04	0.3510E-14
36.45	0.3691E-14
37.92	0.3880E-14
39.45	0.4078E-14
41.04	0.4285E-14
42.69	0.4501E-14
44.41	0.4727E-14
46.20	0.4963E-14
48.06	0.5210E-14
50.00	0.5468E-14
 
 
