----------------------
ELASTIC
Surge
1.371541e-4 / mass ratio
----------------------
0.01 1.38395908384e-20
0.0101862899024 1.38395908384e-20
0.0103760501977 1.38395908384e-20
0.0105693455356 1.38395908384e-20
0.0107662417705 1.38395908384e-20
0.0109668059834 1.38395908384e-20
0.011171106505 1.38395908384e-20
0.0113792129392 1.38395908384e-20
0.011591196186 1.38395908384e-20
0.0118071284667 1.38395908384e-20
0.0120270833477 1.38395908384e-20
0.012251135766 1.38395908384e-20
0.0124793620547 1.38395908384e-20
0.0127118399687 1.38395908384e-20
0.0129486487115 1.38395908384e-20
0.013189868962 1.38395908384e-20
0.0134355829022 1.38395908384e-20
0.013685874245 1.38395908384e-20
0.0139408282628 1.38395908384e-20
0.0142005318165 1.38395908384e-20
0.0144650733852 1.38395908384e-20
0.0147345430962 1.38395908384e-20
0.0150090327558 1.38395908384e-20
0.0152886358806 1.38395908384e-20
0.0155734477293 1.38395908384e-20
0.0158635653351 1.38395908384e-20
0.016159087539 1.38395908384e-20
0.0164601150231 1.38395908384e-20
0.0167667503453 1.38395908384e-20
0.0170790979739 1.38395908384e-20
0.0173972643234 1.38395908384e-20
0.0177213577908 1.38395908384e-20
0.0180514887922 1.38395908384e-20
0.0183877698008 1.38395908384e-20
0.0187303153851 1.38395908384e-20
0.0190792422477 1.38395908384e-20
0.0194346692654 1.38395908384e-20
0.0197967175295 1.38395908384e-20
0.0201655103872 1.38395908384e-20
0.0205411734835 1.38395908384e-20
0.020923834804 1.38395908384e-20
0.0213136247184 1.38395908384e-20
0.0217106760254 1.38395908384e-20
0.0221151239973 1.38395908384e-20
0.0225271064265 1.38395908384e-20
0.0229467636723 1.38395908384e-20
0.0233742387089 1.38395908384e-20
0.0238096771738 1.38395908384e-20
0.0242532274176 1.38395908384e-20
0.0247050405546 1.38395908384e-20
0.0251652705141 1.38395908384e-20
0.025634074093 1.38395908384e-20
0.0261116110092 1.38395908384e-20
0.0265980439559 1.38395908384e-20
0.0270935386573 1.38395908384e-20
0.0275982639247 1.38395908384e-20
0.0281123917141 1.38395908384e-20
0.0286360971851 1.38395908384e-20
0.0291695587602 1.38395908384e-20
0.0297129581858 1.38395908384e-20
0.030266480594 1.38395908384e-20
0.0308303145657 1.38395908384e-20
0.031404652195 1.38395908384e-20
0.0319896891543 1.38395908384e-20
0.0325856247615 1.38395908384e-20
0.0331926620473 1.38395908384e-20
0.0338110078248 1.38395908384e-20
0.0344408727597 1.38395908384e-20
0.0350824714424 1.38395908384e-20
0.0357360224607 1.38395908384e-20
0.0364017484745 1.38395908384e-20
0.0370798762917 1.38395908384e-20
0.0377706369454 1.38395908384e-20
0.0384742657726 1.38395908384e-20
0.0391910024943 1.38395908384e-20
0.0399210912975 1.38395908384e-20
0.0406647809178 1.38395908384e-20
0.0414223247248 1.38395908384e-20
0.0421939808081 1.38395908384e-20
0.0429800120649 1.38395908384e-20
0.0437806862904 1.38395908384e-20
0.0445962762682 1.38395908384e-20
0.0454270598637 1.38395908384e-20
0.0462733201188 1.38395908384e-20
0.0471353453479 1.38395908384e-20
0.0480134292365 1.38395908384e-20
0.0489078709414 1.38395908384e-20
0.0498189751921 1.38395908384e-20
0.0507470523949 1.38395908384e-20
0.0516924187389 1.38395908384e-20
0.0526553963033 1.38395908384e-20
0.0536363131674 1.38395908384e-20
0.0546355035221 1.38395908384e-20
0.0556533077843 1.38395908384e-20
0.0566900727121 1.38395908384e-20
0.0577461515236 1.38395908384e-20
0.058821904017 1.38395908384e-20
0.0599176966931 1.38395908384e-20
0.0610339028803 1.38395908384e-20
0.0621709028616 1.38395908384e-20
0.0633290840046 1.38395908384e-20
0.0645088408927 1.38395908384e-20
0.0657105754604 1.38395908384e-20
0.0669346971296 1.38395908384e-20
0.0681816229494 1.38395908384e-20
0.0694517777382 1.38395908384e-20
0.0707455942282 1.38395908384e-20
0.0720635132129 1.38395908384e-20
0.0734059836976 1.38395908384e-20
0.0747734630518 1.38395908384e-20
0.0761664171655 1.38395908384e-20
0.0775853206079 1.38395908384e-20
0.0790306567886 1.38395908384e-20
0.080502918123 1.38395908384e-20
0.0820026061993 1.38395908384e-20
0.0835302319503 1.38395908384e-20
0.0850863158264 1.38395908384e-20
0.0866713879739 1.38395908384e-20
0.088285988415 1.38395908384e-20
0.0899306672319 1.38395908384e-20
0.0916059847544 1.38395908384e-20
0.0933125117508 1.38395908384e-20
0.0950508296219 1.38395908384e-20
0.0968215305997 1.38395908384e-20
0.0986252179487 1.38395908384e-20
0.100462506172 1.38395908384e-20
0.102334021219 1.38395908384e-20
0.104240400702 1.38395908384e-20
0.10618229411 1.38395908384e-20
0.108160363031 1.38395908384e-20
0.110175281379 1.38395908384e-20
0.112227735621 1.38395908384e-20
0.114318425013 1.38395908384e-20
0.116448061837 1.38395908384e-20
0.118617371645 1.38395908384e-20
0.120827093504 1.38395908384e-20
0.123077980251 1.38395908384e-20
0.125370798744 1.38395908384e-20
0.127706330131 1.38395908384e-20
0.130085370109 1.38395908384e-20
0.1325087292 1.38395908384e-20
0.134977233023 1.38395908384e-20
0.137491722581 1.38395908384e-20
0.140053054539 1.38395908384e-20
0.142662101526 1.38395908384e-20
0.145319752424 1.38395908384e-20
0.148026912674 1.38395908384e-20
0.150784504586 1.38395908384e-20
0.153593467651 1.38395908384e-20
0.156454758862 1.38395908384e-20
0.159369353038 1.38395908384e-20
0.162338243161 1.38395908384e-20
0.165362440709 1.38395908384e-20
0.168442976004 1.38395908384e-20
0.171580898561 1.38395908384e-20
0.174777277446 1.38395908384e-20
0.178033201643 1.38395908384e-20
0.18134978042 1.38395908384e-20
0.18472814371 1.38395908384e-20
0.188169442497 1.38395908384e-20
0.191674849206 1.38395908384e-20
0.195245558102 1.38395908384e-20
0.198882785699 1.38395908384e-20
0.202587771174 1.38395908384e-20
0.206361776786 1.38395908384e-20
0.210206088313 1.38395908384e-20
0.214122015482 1.38395908384e-20
0.218110892419 1.38395908384e-20
0.222174078106 1.38395908384e-20
0.22631295684 1.38395908384e-20
0.230528938705 1.38395908384e-20
0.234823460055 1.38395908384e-20
0.239197984002 1.38395908384e-20
0.243654000913 1.38395908384e-20
0.248193028919 1.38395908384e-20
0.252816614433 1.38395908384e-20
0.257526332677 1.38395908384e-20
0.262323788216 1.38395908384e-20
0.267210615508 1.38395908384e-20
0.272188479458 1.38395908384e-20
0.277259075986 1.38395908384e-20
0.282424132608 1.38395908384e-20
0.287685409019 1.38395908384e-20
0.293044697697 1.38395908384e-20
0.298503824512 1.38395908384e-20
0.304064649347 1.38395908384e-20
0.309729066733 1.38395908384e-20
0.315499006496 1.38395908384e-20
0.32137643441 1.38395908384e-20
0.327363352872 1.38395908384e-20
0.333461801579 1.38395908384e-20
0.339673858227 1.38395908384e-20
0.346001639219 1.38395908384e-20
0.35244730038 1.38395908384e-20
0.359013037701 1.38395908384e-20
0.365701088078 1.38395908384e-20
0.37251373008 1.38395908384e-20
0.379453284724 1.38395908384e-20
0.386522116263 1.38395908384e-20
0.393722632996 1.38395908384e-20
0.401057288086 1.38395908384e-20
0.408528580393 1.38395908384e-20
0.416139055332 1.38395908384e-20
0.423891305734 1.38395908384e-20
0.431787972733 1.38395908384e-20
0.439831746665 1.38395908384e-20
0.448025367983 1.38395908384e-20
0.456371628192 1.38395908384e-20
0.464873370802 1.38395908384e-20
0.473533492292 1.38395908384e-20
0.4823549431 1.38395908384e-20
0.49134072863 1.38395908384e-20
0.50049391027 1.38395908384e-20
0.509817606442 1.38395908384e-20
0.519314993659 1.38395908384e-20
0.52898930761 1.38395908384e-20
0.538843844261 1.38395908384e-20
0.548881960979 1.38395908384e-20
0.559107077676 1.38395908384e-20
0.569522677971 1.38395908384e-20
0.580132310383 1.38395908384e-20
0.590939589534 1.38395908384e-20
0.601948197383 1.38395908384e-20
0.61316188448 1.38395908384e-20
0.624584471244 1.38395908384e-20
0.636219849266 1.38395908384e-20
0.648071982631 1.38395908384e-20
0.660144909273 1.38395908384e-20
0.672442742348 1.38395908384e-20
0.684969671636 1.38395908384e-20
0.697729964967 1.38395908384e-20
0.710727969677 1.38395908384e-20
0.723968114091 1.38395908384e-20
0.737454909026 1.38395908384e-20
0.751192949332 1.38395908384e-20
0.765186915457 1.38395908384e-20
0.77944157504 1.38395908384e-20
0.793961784538 1.38395908384e-20
0.808752490877 1.38395908384e-20
0.82381873314 1.38395908384e-20
0.839165644283 1.38395908384e-20
0.854798452884 1.38395908384e-20
0.870722484924 1.38395908384e-20
0.886943165601 1.38395908384e-20
0.903466021181 1.38395908384e-20
0.920296680876 1.38395908384e-20
0.937440878766 1.38395908384e-20
0.954904455752 1.38395908384e-20
0.972693361543 1.38395908384e-20
0.990813656686 1.38395908384e-20
1.00927151463 1.38395908384e-20
1.02807322383 1.38395908384e-20
1.04722518989 1.38395908384e-20
1.06673393773 1.38395908384e-20
1.08660611385 1.38395908384e-20
1.10684848855 1.38395908384e-20
1.12746795824 1.38395908384e-20
1.14847154784 1.38395908384e-20
1.1698664131 1.38395908384e-20
1.1916598431 1.38395908384e-20
1.21385926269 1.38395908384e-20
1.23647223505 1.38395908384e-20
1.25950646426 1.38395908384e-20
1.28296979789 1.38395908384e-20
1.30687022974 1.38395908384e-20
1.3312159025 1.38395908384e-20
1.35601511057 1.38395908384e-20
1.38127630283 1.38395908384e-20
1.4070080856 1.38395908384e-20
1.4332192255 1.38395908384e-20
1.45991865247 1.38395908384e-20
1.48711546281 1.38395908384e-20
1.51481892226 1.38395908384e-20
1.54303846918 1.38395908384e-20
1.57178371777 1.38395908384e-20
1.60106446132 1.38395908384e-20
1.63089067555 1.38395908384e-20
1.66127252203 1.38395908384e-20
1.69222035164 1.38395908384e-20
1.72374470806 1.38395908384e-20
1.75585633141 1.38395908384e-20
1.78856616188 1.38395908384e-20
1.82188534347 1.38395908384e-20
1.85582522776 1.38395908384e-20
1.89039737782 1.38395908384e-20
1.92561357213 1.38395908384e-20
1.96148580858 1.38395908384e-20
1.99802630857 1.38395908384e-20
2.03524752118 1.38395908384e-20
2.0731621274 1.38395908384e-20
2.11178304445 1.38395908384e-20
2.15112343018 1.38395908384e-20
2.19119668758 1.38395908384e-20
2.2320164693 1.38395908384e-20
2.27359668233 1.38395908384e-20
2.31595149274 1.38395908384e-20
2.35909533051 1.38395908384e-20
2.40304289441 1.38395908384e-20
2.44780915704 1.38395908384e-20
2.49340936995 1.38395908384e-20
2.53985906878 1.38395908384e-20
2.5871740786 1.38395908384e-20
2.63537051927 1.38395908384e-20
2.68446481096 1.38395908384e-20
2.73447367974 1.38395908384e-20
2.78541416324 1.38395908384e-20
2.83730361652 1.38395908384e-20
2.89015971791 1.38395908384e-20
2.9440004751 1.38395908384e-20
2.99884423123 1.38395908384e-20
3.05470967116 1.38395908384e-20
3.11161582782 1.38395908384e-20
3.16958208873 1.38395908384e-20
3.22862820254 1.38395908384e-20
3.28877428583 1.38395908384e-20
3.35004082991 1.38395908384e-20
3.41244870785 1.38395908384e-20
3.47601918154 1.38395908384e-20
3.54077390897 1.38395908384e-20
3.60673495157 1.38395908384e-20
3.6739247818 1.38395908384e-20
3.74236629072 1.38395908384e-20
3.81208279584 1.38395908384e-20
3.88309804906 1.38395908384e-20
3.95543624473 1.38395908384e-20
4.02912202795 1.38395908384e-20
4.1041805029 1.38395908384e-20
4.18063724146 1.38395908384e-20
4.25851829184 1.38395908384e-20
4.33785018756 1.38395908384e-20
4.41865995639 1.38395908384e-20
4.50097512961 1.38395908384e-20
4.58482375139 1.38395908384e-20
4.67023438833 1.38395908384e-20
4.75723613919 1.38395908384e-20
4.84585864482 1.38395908384e-20
4.93613209824 1.38395908384e-20
5.02808725494 1.38395908384e-20
5.12175544336 1.38395908384e-20
5.21716857555 1.38395908384e-20
5.31435915805 1.38395908384e-20
5.41336030297 1.38395908384e-20
5.51420573924 1.38395908384e-20
5.61692982416 1.38395908384e-20
5.72156755506 1.38395908384e-20
5.82815458123 1.38395908384e-20
5.93672721607 1.38395908384e-20
6.04732244946 1.38395908384e-20
6.15997796038 1.38395908384e-20
6.27473212971 1.38395908384e-20
6.39162405334 1.38395908384e-20
6.51069355548 1.38395908384e-20
6.63198120221 1.38395908384e-20
6.75552831533 1.38395908384e-20
6.88137698642 1.38395908384e-20
7.00957009117 1.38395908384e-20
7.14015130401 1.38395908384e-20
7.273165113 1.38395908384e-20
7.40865683494 1.38395908384e-20
7.54667263084 1.38395908384e-20
7.68725952166 1.38395908384e-20
7.8304654043 1.38395908384e-20
7.97633906793 1.38395908384e-20
8.12493021061 1.38395908384e-20
8.27628945625 1.38395908384e-20
8.43046837179 1.38395908384e-20
8.58751948485 1.38395908384e-20
8.74749630155 1.38395908384e-20
8.91045332482 1.38395908384e-20
9.07644607289 1.38395908384e-20
9.24553109823 1.38395908384e-20
9.41776600687 1.38395908384e-20
9.59320947794 1.38395908384e-20
9.77192128372 1.38395908384e-20
9.95396230998 1.38395908384e-20
10.1393945768 1.38395908384e-20
10.3282812594 1.38395908384e-20
10.5206867102 1.38395908384e-20
10.7166764803 1.38395908384e-20
10.9163173419 1.38395908384e-20
11.1196773112 1.38395908384e-20
11.3268256714 1.38395908384e-20
11.5378329963 1.38395908384e-20
11.7527711746 1.38395908384e-20
11.9717134342 1.38395908384e-20
12.194734367 1.38395908384e-20
12.4219099545 1.38395908384e-20
12.6533175939 1.38395908384e-20
12.8890361239 1.38395908384e-20
13.1291458521 1.38395908384e-20
13.3737285821 1.38395908384e-20
13.6228676414 1.38395908384e-20
13.8766479098 1.38395908384e-20
14.1351558484 1.38395908384e-20
14.3984795288 1.38395908384e-20
14.6667086634 1.38395908384e-20
14.9399346361 1.38395908384e-20
15.2182505326 1.38395908384e-20
15.5017511734 1.38395908384e-20
15.7905331447 1.38395908384e-20
16.0846948327 1.38395908384e-20
16.3843364558 1.38395908384e-20
16.6895600998 1.38395908384e-20
17.0004697521 1.38395908384e-20
17.3171713372 1.38395908384e-20
17.6397727531 1.38395908384e-20
17.9683839077 1.38395908384e-20
18.3031167562 1.38395908384e-20
18.6440853397 1.38395908384e-20
18.9914058236 1.38395908384e-20
19.3451965374 1.38395908384e-20
19.705578015 1.38395908384e-20
20.0726730356 1.38395908384e-20
20.4466066658 1.38395908384e-20
20.8275063019 1.38395908384e-20
21.2155017136 1.38395908384e-20
21.6107250881 1.38395908384e-20
22.0133110749 1.38395908384e-20
22.4233968322 1.38395908384e-20
22.841122073 1.38395908384e-20
23.2666291133 1.38395908384e-20
23.7000629201 1.38395908384e-20
24.141571161 1.38395908384e-20
24.5913042547 1.38395908384e-20
25.0494154217 1.38395908384e-20
25.5160607373 1.38395908384e-20
25.9913991838 1.38395908384e-20
26.4755927057 1.38395908384e-20
26.9688062639 1.38395908384e-20
27.4712078927 1.38395908384e-20
27.9829687566 1.38395908384e-20
28.5042632085 1.38395908384e-20
29.0352688498 1.38395908384e-20
29.5761665899 1.38395908384e-20
30.1271407088 1.38395908384e-20
30.6883789192 1.38395908384e-20
31.2600724307 1.38395908384e-20
31.842416015 1.38395908384e-20
32.4356080724 1.38395908384e-20
33.0398506987 1.38395908384e-20
33.6553497551 1.38395908384e-20
34.2823149373 1.38395908384e-20
34.9209598479 1.38395908384e-20
35.5715020682 1.38395908384e-20
36.2341632332 1.38395908384e-20
36.9091691066 1.38395908384e-20
37.5967496579 1.38395908384e-20
38.2971391405 1.38395908384e-20
39.0105761719 1.38395908384e-20
39.7373038149 1.38395908384e-20
40.47756966 1.38395908384e-20
41.2316259103 1.38395908384e-20
41.9997294672 1.38395908384e-20
42.7821420177 1.38395908384e-20
43.579130124 1.38395908384e-20
44.3909653139 1.38395908384e-20
45.2179241737 1.38395908384e-20
46.060288442 1.38395908384e-20
46.9183451061 1.38395908384e-20
47.7923864994 1.38395908384e-20
48.6827104012 1.38395908384e-20
49.5896201384 1.38395908384e-20
50.5134246882 1.38395908384e-20
51.4544387839 1.38395908384e-20
52.4129830221 1.38395908384e-20
53.3893839715 1.38395908384e-20
54.3839742846 1.38395908384e-20
55.3970928111 1.38395908384e-20
56.4290847126 1.38395908384e-20
57.4803015813 1.38395908384e-20
58.5511015587 1.38395908384e-20
59.6418494584 1.38395908384e-20
60.7529168902 1.38395908384e-20
61.8846823862 1.38395908384e-20
63.0375315307 1.38395908384e-20
64.2118570906 1.38395908384e-20
65.40805915 1.38395908384e-20
66.6265452458 1.38395908384e-20
67.8677305072 1.38395908384e-20
69.1320377968 1.38395908384e-20
70.4198978545 1.38395908384e-20
71.7317494447 1.38395908384e-20
73.0680395053 1.38395908384e-20
74.4292233004 1.38395908384e-20
75.8157645752 1.38395908384e-20
77.2281357139 1.38395908384e-20
78.6668179007 1.38395908384e-20
80.132301284 1.38395908384e-20
81.6250851429 1.38395908384e-20
83.1456780577 1.38395908384e-20
84.6945980831 1.38395908384e-20
86.2723729246 1.38395908384e-20
87.8795401182 1.38395908384e-20
89.5166472138 1.38395908384e-20
91.1842519615 1.38395908384e-20
92.8829225017 1.38395908384e-20
94.6132375589 1.38395908384e-20
96.3757866384 1.38395908384e-20
98.1711702275 1.38395908384e-20
100.0 1.38395908384e-20
----------------------
EXCITATION
Surge
0.134994310161 / Thresold Energy
1.371541e-4 / mass ratio
----------------------
0.01 -0.0
0.0101862899024 -0.0
0.0103760501977 -0.0
0.0105693455356 -0.0
0.0107662417705 -0.0
0.0109668059834 -0.0
0.011171106505 -0.0
0.0113792129392 -0.0
0.011591196186 -0.0
0.0118071284667 -0.0
0.0120270833477 -0.0
0.012251135766 -0.0
0.0124793620547 -0.0
0.0127118399687 -0.0
0.0129486487115 -0.0
0.013189868962 -0.0
0.0134355829022 -0.0
0.013685874245 -0.0
0.0139408282628 -0.0
0.0142005318165 -0.0
0.0144650733852 -0.0
0.0147345430962 -0.0
0.0150090327558 -0.0
0.0152886358806 -0.0
0.0155734477293 -0.0
0.0158635653351 -0.0
0.016159087539 -0.0
0.0164601150231 -0.0
0.0167667503453 -0.0
0.0170790979739 -0.0
0.0173972643234 -0.0
0.0177213577908 -0.0
0.0180514887922 -0.0
0.0183877698008 -0.0
0.0187303153851 -0.0
0.0190792422477 -0.0
0.0194346692654 -0.0
0.0197967175295 -0.0
0.0201655103872 -0.0
0.0205411734835 -0.0
0.020923834804 -0.0
0.0213136247184 -0.0
0.0217106760254 -0.0
0.0221151239973 -0.0
0.0225271064265 -0.0
0.0229467636723 -0.0
0.0233742387089 -0.0
0.0238096771738 -0.0
0.0242532274176 -0.0
0.0247050405546 -0.0
0.0251652705141 -0.0
0.025634074093 -0.0
0.0261116110092 -0.0
0.0265980439559 -0.0
0.0270935386573 -0.0
0.0275982639247 -0.0
0.0281123917141 -0.0
0.0286360971851 -0.0
0.0291695587602 -0.0
0.0297129581858 -0.0
0.030266480594 -0.0
0.0308303145657 -0.0
0.031404652195 -0.0
0.0319896891543 -0.0
0.0325856247615 -0.0
0.0331926620473 -0.0
0.0338110078248 -0.0
0.0344408727597 -0.0
0.0350824714424 -0.0
0.0357360224607 -0.0
0.0364017484745 -0.0
0.0370798762917 -0.0
0.0377706369454 -0.0
0.0384742657726 -0.0
0.0391910024943 -0.0
0.0399210912975 -0.0
0.0406647809178 -0.0
0.0414223247248 -0.0
0.0421939808081 -0.0
0.0429800120649 -0.0
0.0437806862904 -0.0
0.0445962762682 -0.0
0.0454270598637 -0.0
0.0462733201188 -0.0
0.0471353453479 -0.0
0.0480134292365 -0.0
0.0489078709414 -0.0
0.0498189751921 -0.0
0.0507470523949 -0.0
0.0516924187389 -0.0
0.0526553963033 -0.0
0.0536363131674 -0.0
0.0546355035221 -0.0
0.0556533077843 -0.0
0.0566900727121 -0.0
0.0577461515236 -0.0
0.058821904017 -0.0
0.0599176966931 -0.0
0.0610339028803 -0.0
0.0621709028616 -0.0
0.0633290840046 -0.0
0.0645088408927 -0.0
0.0657105754604 -0.0
0.0669346971296 -0.0
0.0681816229494 -0.0
0.0694517777382 -0.0
0.0707455942282 -0.0
0.0720635132129 -0.0
0.0734059836976 -0.0
0.0747734630518 -0.0
0.0761664171655 -0.0
0.0775853206079 -0.0
0.0790306567886 -0.0
0.080502918123 -0.0
0.0820026061993 -0.0
0.0835302319503 -0.0
0.0850863158264 -0.0
0.0866713879739 -0.0
0.088285988415 -0.0
0.0899306672319 -0.0
0.0916059847544 -0.0
0.0933125117508 -0.0
0.0950508296219 -0.0
0.0968215305997 -0.0
0.0986252179487 -0.0
0.100462506172 -0.0
0.102334021219 -0.0
0.104240400702 -0.0
0.10618229411 -0.0
0.108160363031 -0.0
0.110175281379 -0.0
0.112227735621 -0.0
0.114318425013 -0.0
0.116448061837 -0.0
0.118617371645 -0.0
0.120827093504 -0.0
0.123077980251 -0.0
0.125370798744 -0.0
0.127706330131 -0.0
0.130085370109 -0.0
0.1325087292 -0.0
0.134977233023 -0.0
0.137491722581 6.07050373069e-23
0.140053054539 1.22963777956e-22
0.142662101526 1.86382336077e-22
0.145319752424 2.50982317898e-22
0.148026912674 3.16785732151e-22
0.150784504586 3.83814997566e-22
0.153593467651 4.52092950512e-22
0.156454758862 5.21642852778e-22
0.159369353038 5.92488399494e-22
0.162338243161 6.6465372721e-22
0.165362440709 7.38163422111e-22
0.168442976004 8.13042528401e-22
0.171580898561 8.89316556832e-22
0.174777277446 9.67011493395e-22
0.178033201643 1.04615380817e-21
0.18134978042 1.12677046436e-21
0.18472814371 1.20888892745e-21
0.188169442497 1.29253717459e-21
0.191674849206 1.3777437041e-21
0.195245558102 1.46453754523e-21
0.198882785699 1.55294826797e-21
0.202587771174 1.64300599321e-21
0.206361776786 1.73474140293e-21
0.210206088313 1.8281857507e-21
0.214122015482 1.92337087232e-21
0.218110892419 2.02032919664e-21
0.222174078106 2.11909375663e-21
0.22631295684 2.21969820065e-21
0.230528938705 2.32217680388e-21
0.234823460055 2.42656448001e-21
0.239197984002 2.53289679313e-21
0.243654000913 2.64120996989e-21
0.248193028919 2.75154091175e-21
0.252816614433 2.86392720765e-21
0.257526332677 2.97840714677e-21
0.262323788216 3.09501973155e-21
0.267210615508 3.21380469104e-21
0.272188479458 3.33480249438e-21
0.277259075986 3.45805436461e-21
0.282424132608 3.58360229274e-21
0.287685409019 3.71148905199e-21
0.293044697697 3.84175821243e-21
0.298503824512 3.9744541558e-21
0.304064649347 4.1096220906e-21
0.309729066733 4.24730806753e-21
0.315499006496 4.38755899519e-21
0.32137643441 4.53042265601e-21
0.327363352872 4.67594772257e-21
0.333461801579 4.82418377418e-21
0.339673858227 4.97518131375e-21
0.346001639219 5.12899178501e-21
0.35244730038 5.28566759004e-21
0.359013037701 5.44526210711e-21
0.365701088078 5.60782970889e-21
0.37251373008 5.77342578093e-21
0.379453284724 5.94210674058e-21
0.386522116263 6.11393005618e-21
0.393722632996 6.28895426666e-21
0.401057288086 6.46723900144e-21
0.408528580393 6.64884500081e-21
0.416139055332 6.83383413657e-21
0.423891305734 7.02226943314e-21
0.431787972733 7.214215089e-21
0.439831746665 7.40973649862e-21
0.448025367983 7.60890027467e-21
0.456371628192 7.81177427076e-21
0.464873370802 8.01842760454e-21
0.473533492292 8.22893068127e-21
0.4823549431 8.44335521775e-21
0.49134072863 8.66177426684e-21
0.50049391027 8.88426224226e-21
0.509817606442 9.110894944e-21
0.519314993659 9.34174958414e-21
0.52898930761 9.57690481311e-21
0.538843844261 9.81644074655e-21
0.548881960979 1.00604389926e-20
0.559107077676 1.03089826795e-20
0.569522677971 1.05621564844e-20
0.580132310383 1.08200466616e-20
0.590939589534 1.10827410724e-20
0.601948197383 1.13503292148e-20
0.61316188448 1.16229022541e-20
0.624584471244 1.19005530539e-20
0.636219849266 1.21833762078e-20
0.648071982631 1.24714680714e-20
0.660144909273 1.27649267956e-20
0.672442742348 1.30638523594e-20
0.684969671636 1.33683466047e-20
0.697729964967 1.36785132703e-20
0.710727969677 1.39944580276e-20
0.723968114091 1.43162885168e-20
0.737454909026 1.4644114383e-20
0.751192949332 1.49780473141e-20
0.765186915457 1.53182010785e-20
0.77944157504 1.56646915641e-20
0.793961784538 1.60176368175e-20
0.808752490877 1.63771570846e-20
0.82381873314 1.67433748513e-20
0.839165644283 1.71164148852e-20
0.854798452884 1.74964042782e-20
0.870722484924 1.78834724899e-20
0.886943165601 1.82777513915e-20
0.903466021181 1.8679375311e-20
0.920296680876 1.90884810786e-20
0.937440878766 1.95052080735e-20
0.954904455752 1.99296982715e-20
0.972693361543 2.03620962933e-20
0.990813656686 2.08025494536e-20
1.00927151463 2.12512078115e-20
1.02807322383 2.17082242216e-20
1.04722518989 2.2173754386e-20
1.06673393773 2.26479569072e-20
1.08660611385 2.31309933426e-20
1.10684848855 2.3623028259e-20
1.12746795824 2.41242292891e-20
1.14847154784 2.46347671883e-20
1.1698664131 2.5154815893e-20
1.1916598431 2.568455258e-20
1.21385926269 2.62241577266e-20
1.23647223505 2.67738151721e-20
1.25950646426 2.73337121809e-20
1.28296979789 2.79040395056e-20
1.30687022974 2.84849914524e-20
1.3312159025 2.90767659474e-20
1.35601511057 2.96795646037e-20
1.38127630283 3.02935927902e-20
1.4070080856 3.09190597019e-20
1.4332192255 3.15561784306e-20
1.45991865247 3.22051660378e-20
1.48711546281 3.28662436289e-20
1.51481892226 3.35396364279e-20
1.54303846918 3.42255738548e-20
1.57178371777 3.49242896034e-20
1.60106446132 3.56360217208e-20
1.63089067555 3.63610126889e-20
1.66127252203 3.70995095067e-20
1.69222035164 3.78517637745e-20
1.72374470806 3.86180317797e-20
1.75585633141 3.93985745841e-20
1.78856616188 4.01936581127e-20
1.82188534347 4.10035532447e-20
1.85582522776 4.18285359052e-20
1.89039737782 4.26688871597e-20
1.92561357213 4.35248933094e-20
1.96148580858 4.43968459894e-20
1.99802630857 4.52850422673e-20
2.03524752118 4.6189784745e-20
2.0731621274 4.71113816615e-20
2.11178304445 4.8050146998e-20
2.15112343018 4.90064005848e-20
2.19119668758 4.99804682103e-20
2.2320164693 5.09726817322e-20
2.27359668233 5.198337919e-20
2.31595149274 5.30129049209e-20
2.35909533051 5.40616096766e-20
2.40304289441 5.5129850743e-20
2.44780915704 5.62179920618e-20
2.49340936995 5.73264043546e-20
2.53985906878 5.84554652492e-20
2.5871740786 5.96055594081e-20
2.63537051927 6.077707866e-20
2.68446481096 6.19704221325e-20
2.73447367974 6.3185996389e-20
2.78541416324 6.44242155664e-20
2.83730361652 6.56855015169e-20
2.89015971791 6.69702839509e-20
2.9440004751 6.82790005844e-20
2.99884423123 6.96120972873e-20
3.05470967116 7.09700282357e-20
3.11161582782 7.23532560665e-20
3.16958208873 7.3762252035e-20
3.22862820254 7.51974961757e-20
3.28877428583 7.66594774655e-20
3.35004082991 7.81486939905e-20
3.41244870785 7.96656531156e-20
3.47601918154 8.12108716574e-20
3.54077390897 8.27848760603e-20
3.60673495157 8.4388202576e-20
3.6739247818 8.60213974456e-20
3.74236629072 8.76850170866e-20
3.81208279584 8.93796282816e-20
3.88309804906 9.1105808372e-20
3.95543624473 9.28641454545e-20
4.02912202795 9.46552385814e-20
4.1041805029 9.64796979646e-20
4.18063724146 9.83381451839e-20
4.25851829184 1.00231213398e-19
4.33785018756 1.02159547562e-19
4.41865995639 1.04123804644e-19
4.50097512961 1.06124653852e-19
4.58482375139 1.08162776861e-19
4.67023438833 1.10238868043e-19
4.75723613919 1.12353634707e-19
4.84585864482 1.14507797339e-19
4.93613209824 1.16702089846e-19
5.02808725494 1.18937259806e-19
5.12175544336 1.21214068726e-19
5.21716857555 1.23533292297e-19
5.31435915805 1.25895720661e-19
5.41336030297 1.2830215868e-19
5.51420573924 1.3075342621e-19
5.61692982416 1.33250358378e-19
5.72156755506 1.35793805872e-19
5.82815458123 1.38384635224e-19
5.93672721607 1.4102372911e-19
6.04732244946 1.43711986651e-19
6.15997796038 1.46450323716e-19
6.27473212971 1.49239673235e-19
6.39162405334 1.52080985518e-19
6.51069355548 1.54975228581e-19
6.63198120221 1.5792338847e-19
6.75552831533 1.609264696e-19
6.88137698642 1.63985495099e-19
7.00957009117 1.67101507155e-19
7.14015130401 1.70275567369e-19
7.273165113 1.73508757119e-19
7.40865683494 1.7680217793e-19
7.54667263084 1.80156951845e-19
7.68725952166 1.83574221811e-19
7.8304654043 1.87055152065e-19
7.97633906793 1.90600928535e-19
8.12493021061 1.94212759241e-19
8.27628945625 1.97891874705e-19
8.43046837179 2.01639528375e-19
8.58751948485 2.0545699705e-19
8.74749630155 2.0934558131e-19
8.91045332482 2.1330660597e-19
9.07644607289 2.17341420518e-19
9.24553109823 2.21451399588e-19
9.41776600687 2.25637943418e-19
9.59320947794 2.29902478332e-19
9.77192128372 2.34246457225e-19
9.95396230998 2.38671360058e-19
10.1393945768 2.43178694364e-19
10.3282812594 2.47769995756e-19
10.5206867102 2.52446828457e-19
10.7166764803 2.57210785829e-19
10.9163173419 2.62063490916e-19
11.1196773112 2.67006596999e-19
11.3268256714 2.72041788156e-19
11.5378329963 2.77170779841e-19
11.7527711746 2.82395319462e-19
11.9717134342 2.87717186981e-19
12.194734367 2.93138195517e-19
12.4219099545 2.98660191969e-19
12.6533175939 3.04285057639e-19
12.8890361239 3.10014708876e-19
13.1291458521 3.15851097731e-19
13.3737285821 3.21796212616e-19
13.6228676414 3.27852078989e-19
13.8766479098 3.34020760037e-19
14.1351558484 3.40304357384e-19
14.3984795288 3.46705011806e-19
14.6667086634 3.53224903955e-19
14.9399346361 3.59866255112e-19
15.2182505326 3.66631327935e-19
15.5017511734 3.73522427234e-19
15.7905331447 3.80541900754e-19
16.0846948327 3.87692139978e-19
16.3843364558 3.94975580939e-19
16.6895600998 4.0239470505e-19
17.0004697521 4.09952039952e-19
17.3171713372 4.17650160372e-19
17.6397727531 4.25491689003e-19
17.9683839077 4.33479297393e-19
18.3031167562 4.41615706863e-19
18.6440853397 4.49903689425e-19
18.9914058236 4.58346068734e-19
19.3451965374 4.66945721044e-19
19.705578015 4.75705576193e-19
20.0726730356 4.84628618598e-19
20.4466066658 4.93717888274e-19
20.8275063019 5.02976481865e-19
21.2155017136 5.12407553706e-19
21.6107250881 5.22014316892e-19
22.0133110749 5.31800044376e-19
22.4233968322 5.41768070082e-19
22.841122073 5.51921790042e-19
23.2666291133 5.62264663552e-19
23.7000629201 5.72800214351e-19
24.141571161 5.83532031823e-19
24.5913042547 5.94463772219e-19
25.0494154217 6.05599159899e-19
25.5160607373 6.16941988608e-19
25.9913991838 6.28496122763e-19
26.4755927057 6.4026549877e-19
26.9688062639 6.52254126367e-19
27.4712078927 6.64466089992e-19
27.9829687566 6.76905550167e-19
28.5042632085 6.89576744925e-19
29.0352688498 7.02483991246e-19
29.5761665899 7.15631686533e-19
30.1271407088 7.29024310107e-19
30.6883789192 7.42666424736e-19
31.2600724307 7.56562678184e-19
31.842416015 7.70717804803e-19
32.4356080724 7.85136627137e-19
33.0398506987 7.99824057572e-19
33.6553497551 8.14785100005e-19
34.2823149373 8.30024851551e-19
34.9209598479 8.45548504281e-19
35.5715020682 8.61361346986e-19
36.2341632332 8.77468766983e-19
36.9091691066 8.9387625195e-19
37.5967496579 9.10589391795e-19
38.2971391405 9.27613880559e-19
39.0105761719 9.44955518357e-19
39.7373038149 9.62620213358e-19
40.47756966 9.80613983789e-19
41.2316259103 9.98942959994e-19
41.9997294672 1.01761338652e-18
42.7821420177 1.03663162423e-18
43.579130124 1.05600415252e-18
44.3909653139 1.07573757144e-18
45.2179241737 1.09583860403e-18
46.060288442 1.11631409856e-18
46.9183451061 1.13717103088e-18
47.7923864994 1.15841650679e-18
48.6827104012 1.18005776446e-18
49.5896201384 1.20210217691e-18
50.5134246882 1.2245572545e-18
51.4544387839 1.24743064752e-18
52.4129830221 1.27073014875e-18
53.3893839715 1.29446369616e-18
54.3839742846 1.3186393756e-18
55.3970928111 1.34326542353e-18
56.4290847126 1.36835022987e-18
57.4803015813 1.39390234082e-18
58.5511015587 1.41993046179e-18
59.6418494584 1.44644346038e-18
60.7529168902 1.47345036936e-18
61.8846823862 1.50096038979e-18
63.0375315307 1.52898289411e-18
64.2118570906 1.5575274294e-18
65.40805915 1.58660372055e-18
66.6265452458 1.61622167365e-18
67.8677305072 1.64639137931e-18
69.1320377968 1.67712311612e-18
70.4198978545 1.70842735416e-18
71.7317494447 1.74031475854e-18
73.0680395053 1.77279619307e-18
74.4292233004 1.80588272392e-18
75.8157645752 1.83958562343e-18
77.2281357139 1.87391637393e-18
78.6668179007 1.90888667165e-18
80.132301284 1.9445084307e-18
81.6250851429 1.98079378716e-18
83.1456780577 2.01775510316e-18
84.6945980831 2.05540497116e-18
86.2723729246 2.09375621818e-18
87.8795401182 2.13282191021e-18
89.5166472138 2.17261535664e-18
91.1842519615 2.21315011479e-18
92.8829225017 2.25443999456e-18
94.6132375589 2.29649906309e-18
96.3757866384 2.3393416496e-18
98.1711702275 2.38298235024e-18
100.0 2.42743603306e-18
