 Rows: Electric field / N (Td)                                         
  0.1000    
  0.3767    
   1.207    
   2.591    
   4.528    
   7.018    
   10.06    
   13.66    
   17.81    
   22.52    
   27.77    
   33.58    
   39.95    
   46.87    
   54.34    
   62.36    
   70.94    
   80.08    
   89.76    
   100.0    
 
 Columns: Mole fraction Ar
   1.000      0.7500      0.5000      0.2500       0.000    
 
 Columns: Mole fraction N2
   0.000      0.2500      0.5000      0.7500       1.000    
 
 Mean energy (eV)                                                
  0.7890      0.1923      0.1219      0.9141E-01  0.7512E-01
   1.523      0.5023      0.3201      0.2366      0.1935    
   2.707      0.8013      0.6618      0.5545      0.4681    
   3.927      0.9399      0.8395      0.7607      0.6949    
   4.911       1.009      0.9382      0.8780      0.8258    
   5.248       1.052      0.9958      0.9503      0.9093    
   5.376       1.088       1.033      0.9965      0.9641    
   5.482       1.146       1.062       1.029       1.002    
   5.592       1.283       1.089       1.054       1.030    
   5.709       1.550       1.125       1.076       1.052    
   5.830       2.036       1.192       1.100       1.071    
   5.954       2.606       1.324       1.134       1.091    
   6.080       3.188       1.551       1.192       1.116    
   6.206       3.714       1.888       1.295       1.152    
   6.332       4.162       2.301       1.465       1.212    
   6.457       4.550       2.765       1.703       1.312    
   6.581       4.881       3.235       2.034       1.459    
   6.703       5.169       3.676       2.407       1.677    
   6.825       5.425       4.075       2.805       1.944    
   6.946       5.660       4.433       3.216       2.275    
 
 Mobility *N (1/m/V/s)                                           
  0.1640E+26  0.2515E+26  0.1987E+26  0.1832E+26  0.1770E+26
  0.6243E+25  0.1108E+26  0.9196E+25  0.7882E+25  0.7000E+25
  0.2615E+25  0.6396E+25  0.5012E+25  0.4228E+25  0.3729E+25
  0.1463E+25  0.5014E+25  0.3803E+25  0.3138E+25  0.2706E+25
  0.1049E+25  0.4376E+25  0.3207E+25  0.2619E+25  0.2245E+25
  0.1041E+25  0.4007E+25  0.2859E+25  0.2301E+25  0.1961E+25
  0.1053E+25  0.3783E+25  0.2633E+25  0.2092E+25  0.1768E+25
  0.1040E+25  0.3562E+25  0.2482E+25  0.1948E+25  0.1633E+25
  0.1015E+25  0.3333E+25  0.2352E+25  0.1842E+25  0.1530E+25
  0.9856E+24  0.3036E+25  0.2241E+25  0.1749E+25  0.1455E+25
  0.9558E+24  0.2669E+25  0.2152E+25  0.1679E+25  0.1387E+25
  0.9277E+24  0.2301E+25  0.2034E+25  0.1622E+25  0.1343E+25
  0.9021E+24  0.1973E+25  0.1916E+25  0.1550E+25  0.1293E+25
  0.8793E+24  0.1712E+25  0.1791E+25  0.1502E+25  0.1244E+25
  0.8591E+24  0.1505E+25  0.1647E+25  0.1442E+25  0.1216E+25
  0.8416E+24  0.1353E+25  0.1517E+25  0.1370E+25  0.1173E+25
  0.8261E+24  0.1238E+25  0.1404E+25  0.1320E+25  0.1136E+25
  0.8123E+24  0.1147E+25  0.1308E+25  0.1260E+25  0.1115E+25
  0.8000E+24  0.1077E+25  0.1222E+25  0.1200E+25  0.1080E+25
  0.7890E+24  0.1021E+25  0.1153E+25  0.1153E+25  0.1061E+25
 
 Re/perp mobility *N (1/m/V/s)                                   
   0.000       0.000       0.000       0.000       0.000    
   0.000       0.000       0.000       0.000       0.000    
   0.000       0.000       0.000       0.000       0.000    
   0.000       0.000       0.000       0.000       0.000    
   0.000       0.000       0.000       0.000       0.000    
   0.000       0.000       0.000       0.000       0.000    
   0.000       0.000       0.000       0.000       0.000    
   0.000       0.000       0.000       0.000       0.000    
   0.000       0.000       0.000       0.000       0.000    
   0.000       0.000       0.000       0.000       0.000    
   0.000       0.000       0.000       0.000       0.000    
   0.000       0.000       0.000       0.000       0.000    
   0.000       0.000       0.000       0.000       0.000    
   0.000       0.000       0.000       0.000       0.000    
   0.000       0.000       0.000       0.000       0.000    
   0.000       0.000       0.000       0.000       0.000    
   0.000       0.000       0.000       0.000       0.000    
   0.000       0.000       0.000       0.000       0.000    
   0.000       0.000       0.000       0.000       0.000    
   0.000       0.000       0.000       0.000       0.000    
 
 Im/Hall mobility *N (1/m/V/s)                                   
   0.000       0.000       0.000       0.000       0.000    
   0.000       0.000       0.000       0.000       0.000    
   0.000       0.000       0.000       0.000       0.000    
   0.000       0.000       0.000       0.000       0.000    
   0.000       0.000       0.000       0.000       0.000    
   0.000       0.000       0.000       0.000       0.000    
   0.000       0.000       0.000       0.000       0.000    
   0.000       0.000       0.000       0.000       0.000    
   0.000       0.000       0.000       0.000       0.000    
   0.000       0.000       0.000       0.000       0.000    
   0.000       0.000       0.000       0.000       0.000    
   0.000       0.000       0.000       0.000       0.000    
   0.000       0.000       0.000       0.000       0.000    
   0.000       0.000       0.000       0.000       0.000    
   0.000       0.000       0.000       0.000       0.000    
   0.000       0.000       0.000       0.000       0.000    
   0.000       0.000       0.000       0.000       0.000    
   0.000       0.000       0.000       0.000       0.000    
   0.000       0.000       0.000       0.000       0.000    
   0.000       0.000       0.000       0.000       0.000    
 
 Bulk mobility *N (1/m/V/s)                                      
   0.000       0.000       0.000       0.000       0.000    
   0.000       0.000       0.000       0.000       0.000    
   0.000       0.000       0.000       0.000       0.000    
   0.000       0.000       0.000       0.000       0.000    
   0.000       0.000       0.000       0.000       0.000    
   0.000       0.000       0.000       0.000       0.000    
   0.000       0.000       0.000       0.000       0.000    
   0.000       0.000       0.000       0.000       0.000    
   0.000       0.000       0.000       0.000       0.000    
   0.000       0.000       0.000       0.000       0.000    
   0.000       0.000       0.000       0.000       0.000    
   0.000       0.000       0.000       0.000       0.000    
   0.000       0.000       0.000       0.000       0.000    
   0.000       0.000       0.000       0.000       0.000    
   0.000       0.000       0.000       0.000       0.000    
   0.000       0.000       0.000       0.000       0.000    
   0.000       0.000       0.000       0.000       0.000    
   0.000       0.000       0.000       0.000       0.000    
   0.000       0.000       0.000       0.000       0.000    
   0.000       0.000       0.000       0.000       0.000    
 
 Diffusion coefficient *N (1/m/s)                                
  0.2463E+26  0.3666E+25  0.1804E+25  0.1249E+25  0.1019E+25
  0.1604E+26  0.4708E+25  0.2329E+25  0.1502E+25  0.1119E+25
  0.1143E+26  0.5117E+25  0.2889E+25  0.1921E+25  0.1395E+25
  0.9233E+25  0.5162E+25  0.3069E+25  0.2137E+25  0.1610E+25
  0.8142E+25  0.5144E+25  0.3120E+25  0.2217E+25  0.1702E+25
  0.7940E+25  0.5097E+25  0.3130E+25  0.2246E+25  0.1742E+25
  0.7894E+25  0.5058E+25  0.3114E+25  0.2255E+25  0.1759E+25
  0.7833E+25  0.5005E+25  0.3099E+25  0.2246E+25  0.1764E+25
  0.7757E+25  0.4953E+25  0.3079E+25  0.2237E+25  0.1755E+25
  0.7674E+25  0.4908E+25  0.3058E+25  0.2226E+25  0.1750E+25
  0.7588E+25  0.4883E+25  0.3048E+25  0.2214E+25  0.1743E+25
  0.7504E+25  0.4880E+25  0.3053E+25  0.2206E+25  0.1736E+25
  0.7424E+25  0.4887E+25  0.3097E+25  0.2203E+25  0.1729E+25
  0.7347E+25  0.4902E+25  0.3185E+25  0.2223E+25  0.1725E+25
  0.7273E+25  0.4910E+25  0.3301E+25  0.2273E+25  0.1734E+25
  0.7201E+25  0.4925E+25  0.3441E+25  0.2354E+25  0.1760E+25
  0.7132E+25  0.4937E+25  0.3586E+25  0.2488E+25  0.1812E+25
  0.7064E+25  0.4946E+25  0.3721E+25  0.2640E+25  0.1907E+25
  0.6997E+25  0.4954E+25  0.3841E+25  0.2804E+25  0.2026E+25
  0.6932E+25  0.4963E+25  0.3945E+25  0.2976E+25  0.2183E+25
 
 Longitud. diffusion coef. *N (1/m/s)                            
   0.000       0.000       0.000       0.000       0.000    
   0.000       0.000       0.000       0.000       0.000    
   0.000       0.000       0.000       0.000       0.000    
   0.000       0.000       0.000       0.000       0.000    
   0.000       0.000       0.000       0.000       0.000    
   0.000       0.000       0.000       0.000       0.000    
   0.000       0.000       0.000       0.000       0.000    
   0.000       0.000       0.000       0.000       0.000    
   0.000       0.000       0.000       0.000       0.000    
   0.000       0.000       0.000       0.000       0.000    
   0.000       0.000       0.000       0.000       0.000    
   0.000       0.000       0.000       0.000       0.000    
   0.000       0.000       0.000       0.000       0.000    
   0.000       0.000       0.000       0.000       0.000    
   0.000       0.000       0.000       0.000       0.000    
   0.000       0.000       0.000       0.000       0.000    
   0.000       0.000       0.000       0.000       0.000    
   0.000       0.000       0.000       0.000       0.000    
   0.000       0.000       0.000       0.000       0.000    
   0.000       0.000       0.000       0.000       0.000    
 
 Bulk T diffusion coef. *N (1/m/s)                               
   0.000       0.000       0.000       0.000       0.000    
   0.000       0.000       0.000       0.000       0.000    
   0.000       0.000       0.000       0.000       0.000    
   0.000       0.000       0.000       0.000       0.000    
   0.000       0.000       0.000       0.000       0.000    
   0.000       0.000       0.000       0.000       0.000    
   0.000       0.000       0.000       0.000       0.000    
   0.000       0.000       0.000       0.000       0.000    
   0.000       0.000       0.000       0.000       0.000    
   0.000       0.000       0.000       0.000       0.000    
   0.000       0.000       0.000       0.000       0.000    
   0.000       0.000       0.000       0.000       0.000    
   0.000       0.000       0.000       0.000       0.000    
   0.000       0.000       0.000       0.000       0.000    
   0.000       0.000       0.000       0.000       0.000    
   0.000       0.000       0.000       0.000       0.000    
   0.000       0.000       0.000       0.000       0.000    
   0.000       0.000       0.000       0.000       0.000    
   0.000       0.000       0.000       0.000       0.000    
   0.000       0.000       0.000       0.000       0.000    
 
 Bulk L diffusion coef. *N (1/m/s)                               
   0.000       0.000       0.000       0.000       0.000    
   0.000       0.000       0.000       0.000       0.000    
   0.000       0.000       0.000       0.000       0.000    
   0.000       0.000       0.000       0.000       0.000    
   0.000       0.000       0.000       0.000       0.000    
   0.000       0.000       0.000       0.000       0.000    
   0.000       0.000       0.000       0.000       0.000    
   0.000       0.000       0.000       0.000       0.000    
   0.000       0.000       0.000       0.000       0.000    
   0.000       0.000       0.000       0.000       0.000    
   0.000       0.000       0.000       0.000       0.000    
   0.000       0.000       0.000       0.000       0.000    
   0.000       0.000       0.000       0.000       0.000    
   0.000       0.000       0.000       0.000       0.000    
   0.000       0.000       0.000       0.000       0.000    
   0.000       0.000       0.000       0.000       0.000    
   0.000       0.000       0.000       0.000       0.000    
   0.000       0.000       0.000       0.000       0.000    
   0.000       0.000       0.000       0.000       0.000    
   0.000       0.000       0.000       0.000       0.000    
 
 Energy mobility *N (1/m/V/s)                                    
  0.2456E+26  0.3468E+26  0.2637E+26  0.2308E+26  0.2136E+26
  0.9318E+25  0.1583E+26  0.1285E+26  0.1092E+26  0.9586E+25
  0.3910E+25  0.9994E+25  0.7645E+25  0.6307E+25  0.5459E+25
  0.2184E+25  0.8001E+25  0.6007E+25  0.4911E+25  0.4194E+25
  0.1526E+25  0.7006E+25  0.5118E+25  0.4159E+25  0.3550E+25
  0.1407E+25  0.6373E+25  0.4572E+25  0.3674E+25  0.3124E+25
  0.1380E+25  0.5938E+25  0.4197E+25  0.3343E+25  0.2825E+25
  0.1356E+25  0.5439E+25  0.3929E+25  0.3104E+25  0.2608E+25
  0.1330E+25  0.4763E+25  0.3686E+25  0.2920E+25  0.2437E+25
  0.1302E+25  0.3954E+25  0.3458E+25  0.2753E+25  0.2307E+25
  0.1274E+25  0.3073E+25  0.3232E+25  0.2618E+25  0.2186E+25
  0.1248E+25  0.2486E+25  0.2923E+25  0.2497E+25  0.2101E+25
  0.1224E+25  0.2102E+25  0.2605E+25  0.2345E+25  0.2005E+25
  0.1202E+25  0.1857E+25  0.2312E+25  0.2218E+25  0.1909E+25
  0.1182E+25  0.1690E+25  0.2061E+25  0.2077E+25  0.1846E+25
  0.1164E+25  0.1574E+25  0.1876E+25  0.1936E+25  0.1767E+25
  0.1148E+25  0.1489E+25  0.1741E+25  0.1835E+25  0.1705E+25
  0.1133E+25  0.1423E+25  0.1641E+25  0.1742E+25  0.1674E+25
  0.1121E+25  0.1370E+25  0.1562E+25  0.1664E+25  0.1632E+25
  0.1110E+25  0.1328E+25  0.1501E+25  0.1606E+25  0.1610E+25
 
 Energy diffusion coef. D*N (1/m/s)                              
  0.1846E+26  0.4281E+25  0.2074E+25  0.1378E+25  0.1060E+25
  0.1193E+26  0.5105E+25  0.2609E+25  0.1650E+25  0.1193E+25
  0.8671E+25  0.5344E+25  0.3157E+25  0.2148E+25  0.1574E+25
  0.7107E+25  0.5308E+25  0.3281E+25  0.2333E+25  0.1782E+25
  0.6247E+25  0.5239E+25  0.3293E+25  0.2384E+25  0.1853E+25
  0.5999E+25  0.5141E+25  0.3274E+25  0.2390E+25  0.1875E+25
  0.5916E+25  0.5053E+25  0.3233E+25  0.2381E+25  0.1877E+25
  0.5858E+25  0.4930E+25  0.3195E+25  0.2357E+25  0.1870E+25
  0.5806E+25  0.4823E+25  0.3150E+25  0.2333E+25  0.1851E+25
  0.5757E+25  0.4886E+25  0.3107E+25  0.2306E+25  0.1836E+25
  0.5710E+25  0.4871E+25  0.3110E+25  0.2281E+25  0.1817E+25
  0.5668E+25  0.4937E+25  0.3203E+25  0.2272E+25  0.1801E+25
  0.5630E+25  0.4976E+25  0.3423E+25  0.2304E+25  0.1791E+25
  0.5596E+25  0.5000E+25  0.3712E+25  0.2434E+25  0.1803E+25
  0.5566E+25  0.5010E+25  0.3976E+25  0.2679E+25  0.1877E+25
  0.5541E+25  0.5020E+25  0.4196E+25  0.2990E+25  0.2039E+25
  0.5520E+25  0.5028E+25  0.4365E+25  0.3348E+25  0.2294E+25
  0.5503E+25  0.5036E+25  0.4493E+25  0.3654E+25  0.2649E+25
  0.5491E+25  0.5045E+25  0.4594E+25  0.3910E+25  0.3006E+25
  0.5482E+25  0.5058E+25  0.4675E+25  0.4124E+25  0.3365E+25
 
 Total collision freq. /N (m3/s)                                 
  0.6009E-14  0.5557E-14  0.7110E-14  0.7872E-14  0.8317E-14
  0.1642E-13  0.1169E-13  0.1474E-13  0.1712E-13  0.1921E-13
  0.3914E-13  0.1767E-13  0.2505E-13  0.3120E-13  0.3615E-13
  0.6911E-13  0.2086E-13  0.3039E-13  0.3908E-13  0.4709E-13
  0.9884E-13  0.2275E-13  0.3377E-13  0.4393E-13  0.5344E-13
  0.1104E-12  0.2415E-13  0.3608E-13  0.4733E-13  0.5796E-13
  0.1148E-12  0.2552E-13  0.3790E-13  0.4986E-13  0.6133E-13
  0.1182E-12  0.2741E-13  0.3953E-13  0.5196E-13  0.6400E-13
  0.1215E-12  0.3116E-13  0.4124E-13  0.5387E-13  0.6633E-13
  0.1249E-12  0.3847E-13  0.4331E-13  0.5579E-13  0.6846E-13
  0.1283E-12  0.4972E-13  0.4621E-13  0.5792E-13  0.7061E-13
  0.1318E-12  0.6328E-13  0.5056E-13  0.6042E-13  0.7291E-13
  0.1352E-12  0.7686E-13  0.5706E-13  0.6357E-13  0.7546E-13
  0.1386E-12  0.8904E-13  0.6574E-13  0.6786E-13  0.7845E-13
  0.1419E-12  0.9935E-13  0.7560E-13  0.7349E-13  0.8217E-13
  0.1451E-12  0.1083E-12  0.8607E-13  0.8026E-13  0.8666E-13
  0.1481E-12  0.1158E-12  0.9620E-13  0.8858E-13  0.9208E-13
  0.1511E-12  0.1224E-12  0.1054E-12  0.9709E-13  0.9867E-13
  0.1539E-12  0.1281E-12  0.1134E-12  0.1054E-12  0.1056E-12
  0.1567E-12  0.1333E-12  0.1205E-12  0.1135E-12  0.1132E-12
 
 Momentum frequency /N (m3/s)                                    
  0.1072E-13  0.6993E-14  0.8851E-14  0.9600E-14  0.9939E-14
  0.2817E-13  0.1588E-13  0.1913E-13  0.2232E-13  0.2513E-13
  0.6726E-13  0.2750E-13  0.3509E-13  0.4160E-13  0.4717E-13
  0.1202E-12  0.3508E-13  0.4625E-13  0.5605E-13  0.6500E-13
  0.1676E-12  0.4019E-13  0.5484E-13  0.6717E-13  0.7833E-13
  0.1690E-12  0.4389E-13  0.6153E-13  0.7644E-13  0.8969E-13
  0.1670E-12  0.4650E-13  0.6680E-13  0.8407E-13  0.9947E-13
  0.1691E-12  0.4937E-13  0.7088E-13  0.9030E-13  0.1077E-12
  0.1733E-12  0.5276E-13  0.7478E-13  0.9550E-13  0.1150E-12
  0.1784E-12  0.5793E-13  0.7847E-13  0.1006E-12  0.1209E-12
  0.1840E-12  0.6591E-13  0.8172E-13  0.1047E-12  0.1268E-12
  0.1896E-12  0.7643E-13  0.8646E-13  0.1085E-12  0.1310E-12
  0.1950E-12  0.8915E-13  0.9178E-13  0.1134E-12  0.1360E-12
  0.2000E-12  0.1028E-12  0.9823E-13  0.1171E-12  0.1414E-12
  0.2047E-12  0.1168E-12  0.1068E-12  0.1220E-12  0.1447E-12
  0.2090E-12  0.1300E-12  0.1159E-12  0.1284E-12  0.1499E-12
  0.2129E-12  0.1421E-12  0.1253E-12  0.1332E-12  0.1549E-12
  0.2165E-12  0.1534E-12  0.1345E-12  0.1396E-12  0.1578E-12
  0.2198E-12  0.1634E-12  0.1439E-12  0.1466E-12  0.1628E-12
  0.2229E-12  0.1723E-12  0.1526E-12  0.1525E-12  0.1658E-12
 
 e-i momentum frequency /N (m3/s)                                
   0.000       0.000       0.000       0.000       0.000    
   0.000       0.000       0.000       0.000       0.000    
   0.000       0.000       0.000       0.000       0.000    
   0.000       0.000       0.000       0.000       0.000    
   0.000       0.000       0.000       0.000       0.000    
   0.000       0.000       0.000       0.000       0.000    
   0.000       0.000       0.000       0.000       0.000    
   0.000       0.000       0.000       0.000       0.000    
   0.000       0.000       0.000       0.000       0.000    
   0.000       0.000       0.000       0.000       0.000    
   0.000       0.000       0.000       0.000       0.000    
   0.000       0.000       0.000       0.000       0.000    
   0.000       0.000       0.000       0.000       0.000    
   0.000       0.000       0.000       0.000       0.000    
   0.000       0.000       0.000       0.000       0.000    
   0.000       0.000       0.000       0.000       0.000    
   0.000       0.000       0.000       0.000       0.000    
   0.000       0.000       0.000       0.000       0.000    
   0.000       0.000       0.000       0.000       0.000    
   0.000       0.000       0.000       0.000       0.000    
 
 Total ionization freq. /N (m3/s)                                
   0.000       0.000       0.000       0.000       0.000    
   0.000       0.000       0.000       0.000       0.000    
   0.000       0.000       0.000       0.000       0.000    
   0.000       0.000       0.000       0.000       0.000    
   0.000       0.000       0.000       0.000       0.000    
  0.5908E-25   0.000       0.000       0.000       0.000    
  0.2410E-22   0.000       0.000       0.000       0.000    
  0.1003E-20   0.000       0.000       0.000       0.000    
  0.1267E-19  0.1021E-24   0.000       0.000       0.000    
  0.7977E-19  0.1370E-22  0.5820E-26   0.000       0.000    
  0.3233E-18  0.4206E-21  0.1151E-23  0.5517E-26   0.000    
  0.9754E-18  0.5282E-20  0.4518E-22  0.6158E-24  0.1289E-25
  0.2391E-17  0.3621E-19  0.7542E-21  0.2009E-22  0.7635E-24
  0.5039E-17  0.1620E-18  0.6881E-20  0.3156E-21  0.1832E-22
  0.9470E-17  0.5379E-18  0.3948E-19  0.2922E-20  0.2417E-21
  0.1630E-16  0.1443E-17  0.1628E-18  0.1747E-19  0.2003E-20
  0.2619E-16  0.3298E-17  0.5196E-18  0.7858E-19  0.1136E-19
  0.3980E-16  0.6656E-17  0.1362E-17  0.2691E-18  0.5034E-19
  0.5781E-16  0.1221E-16  0.3072E-17  0.7529E-18  0.1722E-18
  0.8093E-16  0.2074E-16  0.6170E-17  0.1813E-17  0.4987E-18
 
 Total attachment freq. /N (m3/s)                                
   0.000       0.000       0.000       0.000       0.000    
   0.000       0.000       0.000       0.000       0.000    
   0.000       0.000       0.000       0.000       0.000    
   0.000       0.000       0.000       0.000       0.000    
   0.000       0.000       0.000       0.000       0.000    
   0.000       0.000       0.000       0.000       0.000    
   0.000       0.000       0.000       0.000       0.000    
   0.000       0.000       0.000       0.000       0.000    
   0.000       0.000       0.000       0.000       0.000    
   0.000       0.000       0.000       0.000       0.000    
   0.000       0.000       0.000       0.000       0.000    
   0.000       0.000       0.000       0.000       0.000    
   0.000       0.000       0.000       0.000       0.000    
   0.000       0.000       0.000       0.000       0.000    
   0.000       0.000       0.000       0.000       0.000    
   0.000       0.000       0.000       0.000       0.000    
   0.000       0.000       0.000       0.000       0.000    
   0.000       0.000       0.000       0.000       0.000    
   0.000       0.000       0.000       0.000       0.000    
   0.000       0.000       0.000       0.000       0.000    
 
 Townsend ioniz. coef. alpha/N (m2)                              
   0.000       0.000       0.000       0.000       0.000    
   0.000       0.000       0.000       0.000       0.000    
   0.000       0.000       0.000       0.000       0.000    
   0.000       0.000       0.000       0.000       0.000    
   0.000       0.000       0.000       0.000       0.000    
  0.8089E-29   0.000       0.000       0.000       0.000    
  0.2275E-26   0.000       0.000       0.000       0.000    
  0.7060E-25   0.000       0.000       0.000       0.000    
  0.7010E-24  0.1721E-29   0.000       0.000       0.000    
  0.3595E-23  0.2004E-27  0.1153E-30   0.000       0.000    
  0.1218E-22  0.5675E-26  0.1925E-28  0.1183E-30   0.000    
  0.3131E-22  0.6835E-25  0.6613E-27  0.1131E-28  0.2859E-30
  0.6635E-22  0.4594E-24  0.9851E-26  0.3243E-27  0.1478E-28
  0.1223E-21  0.2020E-23  0.8200E-25  0.4485E-26  0.3142E-27
  0.2028E-21  0.6576E-23  0.4412E-24  0.3730E-25  0.3659E-26
  0.3106E-21  0.1711E-22  0.1721E-23  0.2044E-24  0.2737E-25
  0.4469E-21  0.3755E-22  0.5217E-23  0.8389E-24  0.1410E-24
  0.6118E-21  0.7248E-22  0.1301E-22  0.2666E-23  0.5640E-24
  0.8051E-21  0.1263E-21  0.2800E-22  0.6993E-23  0.1776E-23
  0.1026E-20  0.2033E-21  0.5352E-22  0.1572E-22  0.4701E-23
 
 Townsend attach. coef. eta/N (m2)                               
   0.000       0.000       0.000       0.000       0.000    
   0.000       0.000       0.000       0.000       0.000    
   0.000       0.000       0.000       0.000       0.000    
   0.000       0.000       0.000       0.000       0.000    
   0.000       0.000       0.000       0.000       0.000    
   0.000       0.000       0.000       0.000       0.000    
   0.000       0.000       0.000       0.000       0.000    
   0.000       0.000       0.000       0.000       0.000    
   0.000       0.000       0.000       0.000       0.000    
   0.000       0.000       0.000       0.000       0.000    
   0.000       0.000       0.000       0.000       0.000    
   0.000       0.000       0.000       0.000       0.000    
   0.000       0.000       0.000       0.000       0.000    
   0.000       0.000       0.000       0.000       0.000    
   0.000       0.000       0.000       0.000       0.000    
   0.000       0.000       0.000       0.000       0.000    
   0.000       0.000       0.000       0.000       0.000    
   0.000       0.000       0.000       0.000       0.000    
   0.000       0.000       0.000       0.000       0.000    
   0.000       0.000       0.000       0.000       0.000    
 
 Power /N (eV m3/s)                                              
  0.1640E-18  0.2515E-18  0.1987E-18  0.1832E-18  0.1770E-18
  0.8860E-18  0.1572E-17  0.1305E-17  0.1119E-17  0.9935E-18
  0.3809E-17  0.9316E-17  0.7300E-17  0.6158E-17  0.5432E-17
  0.9821E-17  0.3365E-16  0.2552E-16  0.2106E-16  0.1816E-16
  0.2151E-16  0.8971E-16  0.6575E-16  0.5368E-16  0.4603E-16
  0.5126E-16  0.1974E-15  0.1408E-15  0.1133E-15  0.9659E-16
  0.1066E-15  0.3830E-15  0.2666E-15  0.2118E-15  0.1790E-15
  0.1941E-15  0.6647E-15  0.4630E-15  0.3634E-15  0.3046E-15
  0.3220E-15  0.1057E-14  0.7461E-15  0.5842E-15  0.4854E-15
  0.4997E-15  0.1539E-14  0.1136E-14  0.8867E-15  0.7377E-15
  0.7372E-15  0.2058E-14  0.1660E-14  0.1295E-14  0.1070E-14
  0.1046E-14  0.2596E-14  0.2295E-14  0.1829E-14  0.1515E-14
  0.1440E-14  0.3148E-14  0.3059E-14  0.2474E-14  0.2064E-14
  0.1932E-14  0.3759E-14  0.3933E-14  0.3298E-14  0.2733E-14
  0.2537E-14  0.4445E-14  0.4862E-14  0.4257E-14  0.3590E-14
  0.3273E-14  0.5262E-14  0.5901E-14  0.5330E-14  0.4563E-14
  0.4158E-14  0.6229E-14  0.7066E-14  0.6645E-14  0.5716E-14
  0.5209E-14  0.7354E-14  0.8386E-14  0.8081E-14  0.7147E-14
  0.6446E-14  0.8673E-14  0.9849E-14  0.9665E-14  0.8703E-14
  0.7890E-14  0.1021E-13  0.1153E-13  0.1153E-13  0.1061E-13
 
 C1    Ar    Effective (momentum)                                
  0.6009E-14  0.1049E-14  0.1287E-14  0.1577E-14  0.1784E-14
  0.1642E-13  0.2922E-14  0.1497E-14  0.1102E-14  0.1023E-14
  0.3914E-13  0.6162E-14  0.4555E-14  0.3444E-14  0.2638E-14
  0.6911E-13  0.7891E-14  0.6633E-14  0.5685E-14  0.4930E-14
  0.9884E-13  0.8784E-14  0.7872E-14  0.7113E-14  0.6468E-14
  0.1104E-12  0.9337E-14  0.8610E-14  0.8026E-14  0.7506E-14
  0.1148E-12  0.9808E-14  0.9100E-14  0.8619E-14  0.8204E-14
  0.1182E-12  0.1064E-13  0.9468E-14  0.9042E-14  0.8686E-14
  0.1215E-12  0.1318E-13  0.9823E-14  0.9366E-14  0.9052E-14
  0.1249E-12  0.1945E-13  0.1035E-13  0.9657E-14  0.9339E-14
  0.1283E-12  0.3019E-13  0.1151E-13  0.9981E-14  0.9596E-14
  0.1318E-12  0.4395E-13  0.1415E-13  0.1049E-13  0.9858E-14
  0.1352E-12  0.5835E-13  0.1919E-13  0.1152E-13  0.1021E-13
  0.1386E-12  0.7165E-13  0.2708E-13  0.1360E-13  0.1081E-13
  0.1419E-12  0.8321E-13  0.3705E-13  0.1736E-13  0.1195E-13
  0.1451E-12  0.9339E-13  0.4844E-13  0.2289E-13  0.1401E-13
  0.1481E-12  0.1022E-12  0.6016E-13  0.3080E-13  0.1729E-13
  0.1511E-12  0.1099E-12  0.7131E-13  0.3989E-13  0.2238E-13
  0.1539E-12  0.1167E-12  0.8153E-13  0.4973E-13  0.2875E-13
  0.1567E-12  0.1228E-12  0.9080E-13  0.5997E-13  0.3680E-13
 
 C2    Ar    Excitation    11.50 eV                              
   0.000       0.000       0.000       0.000       0.000    
   0.000       0.000       0.000       0.000       0.000    
  0.1034E-34   0.000       0.000       0.000       0.000    
  0.3479E-21   0.000       0.000       0.000       0.000    
  0.3329E-18   0.000       0.000       0.000       0.000    
  0.2596E-17  0.2878E-28   0.000       0.000       0.000    
  0.7267E-17  0.1212E-23   0.000       0.000       0.000    
  0.1476E-16  0.2695E-21  0.4883E-25   0.000       0.000    
  0.2576E-16  0.9720E-20  0.1156E-22  0.3153E-25   0.000    
  0.4097E-16  0.1169E-18  0.5464E-21  0.4561E-23  0.5855E-25
  0.6106E-16  0.6872E-18  0.9254E-20  0.1786E-21  0.4736E-23
  0.8659E-16  0.2519E-17  0.7806E-19  0.2887E-20  0.1353E-21
  0.1180E-15  0.6719E-17  0.4066E-18  0.2508E-19  0.1850E-20
  0.1555E-15  0.1444E-16  0.1491E-17  0.1413E-18  0.1481E-19
  0.1995E-15  0.2676E-16  0.4144E-17  0.5773E-18  0.8146E-19
  0.2501E-15  0.4485E-16  0.9517E-17  0.1782E-17  0.3331E-18
  0.3074E-15  0.6970E-16  0.1888E-16  0.4674E-17  0.1060E-17
  0.3718E-15  0.1022E-15  0.3343E-16  0.1025E-16  0.2914E-17
  0.4434E-15  0.1433E-15  0.5439E-16  0.1982E-16  0.6698E-17
  0.5225E-15  0.1938E-15  0.8299E-16  0.3497E-16  0.1389E-16
 
 C3    Ar    Ionization    15.80 eV                              
   0.000       0.000       0.000       0.000       0.000    
   0.000       0.000       0.000       0.000       0.000    
   0.000       0.000       0.000       0.000       0.000    
   0.000       0.000       0.000       0.000       0.000    
   0.000       0.000       0.000       0.000       0.000    
  0.5908E-25   0.000       0.000       0.000       0.000    
  0.2410E-22   0.000       0.000       0.000       0.000    
  0.1003E-20   0.000       0.000       0.000       0.000    
  0.1267E-19  0.1023E-24   0.000       0.000       0.000    
  0.7977E-19  0.1446E-22  0.5345E-26   0.000       0.000    
  0.3233E-18  0.4538E-21  0.1309E-23  0.5740E-26   0.000    
  0.9754E-18  0.5791E-20  0.5380E-22  0.7849E-24  0.1648E-25
  0.2391E-17  0.4018E-19  0.9265E-21  0.2731E-22  0.1147E-23
  0.5039E-17  0.1814E-18  0.8658E-20  0.4490E-21  0.2974E-22
  0.9470E-17  0.6067E-18  0.5062E-19  0.4309E-20  0.4169E-21
  0.1630E-16  0.1637E-17  0.2119E-18  0.2651E-19  0.3629E-20
  0.2619E-16  0.3757E-17  0.6843E-18  0.1221E-18  0.2143E-19
  0.3980E-16  0.7610E-17  0.1811E-17  0.4258E-18  0.9806E-19
  0.5781E-16  0.1399E-16  0.4114E-17  0.1209E-17  0.3443E-18
  0.8093E-16  0.2383E-16  0.8310E-17  0.2945E-17  0.1018E-17
 
 C4    N2    Elastic                                             
  0.5162E-13  0.1901E-13  0.1288E-13  0.9926E-14  0.8277E-14
  0.9917E-13  0.3785E-13  0.2789E-13  0.2239E-13  0.1915E-13
  0.1328E-12  0.5187E-13  0.4535E-13  0.4031E-13  0.3603E-13
  0.1414E-12  0.5903E-13  0.5375E-13  0.4994E-13  0.4687E-13
  0.1478E-12  0.6316E-13  0.5895E-13  0.5571E-13  0.5308E-13
  0.1500E-12  0.6598E-13  0.6232E-13  0.5963E-13  0.5737E-13
  0.1508E-12  0.6844E-13  0.6473E-13  0.6236E-13  0.6043E-13
  0.1515E-12  0.7143E-13  0.6667E-13  0.6444E-13  0.6268E-13
  0.1523E-12  0.7623E-13  0.6852E-13  0.6612E-13  0.6449E-13
  0.1532E-12  0.8406E-13  0.7062E-13  0.6767E-13  0.6598E-13
  0.1540E-12  0.9478E-13  0.7344E-13  0.6926E-13  0.6734E-13
  0.1548E-12  0.1064E-12  0.7760E-13  0.7110E-13  0.6870E-13
  0.1557E-12  0.1170E-12  0.8361E-13  0.7349E-13  0.7019E-13
  0.1565E-12  0.1257E-12  0.9139E-13  0.7685E-13  0.7196E-13
  0.1572E-12  0.1324E-12  0.9995E-13  0.8148E-13  0.7428E-13
  0.1580E-12  0.1377E-12  0.1087E-12  0.8720E-13  0.7738E-13
  0.1587E-12  0.1419E-12  0.1168E-12  0.9432E-13  0.8136E-13
  0.1594E-12  0.1451E-12  0.1239E-12  0.1017E-12  0.8657E-13
  0.1600E-12  0.1478E-12  0.1298E-12  0.1089E-12  0.9236E-13
  0.1607E-12  0.1500E-12  0.1347E-12  0.1158E-12  0.9893E-13
 
 C5    N2    Excitation    0.020 eV                              
  0.2483E-15  0.6046E-16  0.4707E-16  0.3967E-16  0.3502E-16
  0.6001E-14  0.1103E-15  0.7989E-16  0.6765E-16  0.6095E-16
  0.6269E-14  0.2029E-15  0.1494E-15  0.1221E-15  0.1045E-15
  0.4008E-14  0.3311E-15  0.2265E-15  0.1848E-15  0.1603E-15
  0.2918E-14  0.5205E-15  0.3288E-15  0.2567E-15  0.2184E-15
  0.2709E-14  0.7822E-15  0.4653E-15  0.3498E-15  0.2892E-15
  0.2671E-14  0.1138E-14  0.6387E-15  0.4670E-15  0.3777E-15
  0.2634E-14  0.1592E-14  0.8591E-15  0.6098E-15  0.4850E-15
  0.2586E-14  0.2137E-14  0.1128E-14  0.7832E-15  0.6114E-15
  0.2529E-14  0.2676E-14  0.1457E-14  0.9888E-15  0.7615E-15
  0.2467E-14  0.3088E-14  0.1843E-14  0.1237E-14  0.9370E-15
  0.2402E-14  0.3319E-14  0.2247E-14  0.1524E-14  0.1145E-14
  0.2337E-14  0.3370E-14  0.2649E-14  0.1838E-14  0.1377E-14
  0.2274E-14  0.3317E-14  0.2980E-14  0.2190E-14  0.1639E-14
  0.2213E-14  0.3209E-14  0.3196E-14  0.2525E-14  0.1934E-14
  0.2156E-14  0.3079E-14  0.3311E-14  0.2818E-14  0.2228E-14
  0.2103E-14  0.2950E-14  0.3332E-14  0.3065E-14  0.2522E-14
  0.2053E-14  0.2823E-14  0.3294E-14  0.3224E-14  0.2796E-14
  0.2006E-14  0.2706E-14  0.3209E-14  0.3297E-14  0.3011E-14
  0.1962E-14  0.2597E-14  0.3108E-14  0.3318E-14  0.3176E-14
 
 C6    N2    Excitation    0.29 eV                               
  0.7896E-16  0.1572E-17  0.2338E-18  0.4597E-19  0.1275E-19
  0.1163E-15  0.1558E-16  0.5701E-17  0.2809E-17  0.1549E-17
  0.1833E-15  0.8621E-16  0.3992E-16  0.2174E-16  0.1362E-16
  0.3095E-15  0.1453E-15  0.1036E-15  0.7103E-16  0.4940E-16
  0.3807E-15  0.1631E-15  0.1447E-15  0.1208E-15  0.9806E-16
  0.3986E-15  0.1653E-15  0.1609E-15  0.1489E-15  0.1339E-15
  0.4040E-15  0.1622E-15  0.1656E-15  0.1611E-15  0.1532E-15
  0.4089E-15  0.1583E-15  0.1651E-15  0.1655E-15  0.1620E-15
  0.4144E-15  0.1582E-15  0.1627E-15  0.1658E-15  0.1656E-15
  0.4205E-15  0.1686E-15  0.1595E-15  0.1643E-15  0.1660E-15
  0.4268E-15  0.1925E-15  0.1576E-15  0.1616E-15  0.1648E-15
  0.4334E-15  0.2253E-15  0.1597E-15  0.1592E-15  0.1626E-15
  0.4399E-15  0.2607E-15  0.1681E-15  0.1579E-15  0.1605E-15
  0.4465E-15  0.2932E-15  0.1845E-15  0.1588E-15  0.1587E-15
  0.4529E-15  0.3211E-15  0.2075E-15  0.1644E-15  0.1576E-15
  0.4592E-15  0.3452E-15  0.2344E-15  0.1753E-15  0.1594E-15
  0.4655E-15  0.3655E-15  0.2625E-15  0.1924E-15  0.1643E-15
  0.4717E-15  0.3828E-15  0.2892E-15  0.2130E-15  0.1739E-15
  0.4779E-15  0.3980E-15  0.3136E-15  0.2361E-15  0.1873E-15
  0.4841E-15  0.4116E-15  0.3354E-15  0.2602E-15  0.2052E-15
 
 C7    N2    Excitation    0.29 eV                               
  0.1252E-15   0.000       0.000       0.000       0.000    
  0.7431E-14  0.1745E-19  0.8026E-23  0.1136E-25  0.9368E-29
  0.7395E-14  0.2630E-16  0.1896E-17  0.1561E-18  0.1328E-19
  0.4678E-14  0.2091E-15  0.5071E-16  0.1429E-16  0.4267E-17
  0.3399E-14  0.5554E-15  0.2053E-15  0.9020E-16  0.4231E-16
  0.3160E-14  0.1015E-14  0.4538E-15  0.2422E-15  0.1395E-15
  0.3118E-14  0.1578E-14  0.7703E-15  0.4570E-15  0.2923E-15
  0.3076E-14  0.2222E-14  0.1148E-14  0.7194E-15  0.4905E-15
  0.3020E-14  0.2934E-14  0.1568E-14  0.1023E-14  0.7220E-15
  0.2953E-14  0.3575E-14  0.2051E-14  0.1357E-14  0.9852E-15
  0.2879E-14  0.4017E-14  0.2571E-14  0.1740E-14  0.1276E-14
  0.2802E-14  0.4221E-14  0.3080E-14  0.2145E-14  0.1603E-14
  0.2725E-14  0.4206E-14  0.3565E-14  0.2569E-14  0.1940E-14
  0.2651E-14  0.4078E-14  0.3925E-14  0.3023E-14  0.2307E-14
  0.2580E-14  0.3902E-14  0.4131E-14  0.3422E-14  0.2698E-14
  0.2513E-14  0.3713E-14  0.4209E-14  0.3758E-14  0.3067E-14
  0.2450E-14  0.3533E-14  0.4179E-14  0.4020E-14  0.3430E-14
  0.2392E-14  0.3363E-14  0.4079E-14  0.4166E-14  0.3737E-14
  0.2337E-14  0.3212E-14  0.3936E-14  0.4202E-14  0.3968E-14
  0.2286E-14  0.3073E-14  0.3783E-14  0.4177E-14  0.4132E-14
 
 C8    N2    Excitation    0.59 eV                               
  0.4272E-16   0.000       0.000       0.000       0.000    
  0.4567E-14  0.3559E-22  0.8265E-26   0.000       0.000    
  0.4477E-14  0.1423E-17  0.2540E-19  0.6854E-21  0.2526E-22
  0.2787E-14  0.3506E-16  0.3882E-17  0.5439E-18  0.8553E-19
  0.2020E-14  0.1551E-15  0.3365E-16  0.9419E-17  0.2905E-17
  0.1881E-14  0.3778E-15  0.1127E-15  0.4309E-16  0.1841E-16
  0.1858E-14  0.6996E-15  0.2491E-15  0.1132E-15  0.5721E-16
  0.1834E-14  0.1096E-14  0.4454E-15  0.2235E-15  0.1256E-15
  0.1800E-14  0.1550E-14  0.6882E-15  0.3754E-15  0.2241E-15
  0.1760E-14  0.1976E-14  0.9795E-15  0.5612E-15  0.3548E-15
  0.1715E-14  0.2283E-14  0.1309E-14  0.7858E-15  0.5131E-15
  0.1669E-14  0.2441E-14  0.1640E-14  0.1038E-14  0.7035E-15
  0.1623E-14  0.2458E-14  0.1958E-14  0.1304E-14  0.9094E-15
  0.1578E-14  0.2402E-14  0.2212E-14  0.1596E-14  0.1134E-14
  0.1535E-14  0.2306E-14  0.2363E-14  0.1865E-14  0.1387E-14
  0.1495E-14  0.2199E-14  0.2436E-14  0.2088E-14  0.1627E-14
  0.1458E-14  0.2098E-14  0.2438E-14  0.2276E-14  0.1860E-14
  0.1423E-14  0.1999E-14  0.2398E-14  0.2389E-14  0.2078E-14
  0.1390E-14  0.1910E-14  0.2321E-14  0.2428E-14  0.2236E-14
  0.1359E-14  0.1828E-14  0.2236E-14  0.2433E-14  0.2357E-14
 
 C9    N2    Excitation    0.88 eV                               
  0.1983E-16   0.000       0.000       0.000       0.000    
  0.3232E-14  0.2970E-24  0.1129E-27   0.000       0.000    
  0.3019E-14  0.6350E-19  0.2157E-21  0.3648E-23  0.2201E-24
  0.1860E-14  0.6102E-17  0.2540E-18  0.1491E-19  0.1080E-20
  0.1346E-14  0.4974E-16  0.5574E-17  0.8874E-18  0.1624E-18
  0.1256E-14  0.1699E-15  0.3101E-16  0.7823E-17  0.2298E-17
  0.1242E-14  0.3838E-15  0.9458E-16  0.3085E-16  0.1163E-16
  0.1226E-14  0.6723E-15  0.2090E-15  0.8062E-16  0.3548E-16
  0.1203E-14  0.1011E-14  0.3717E-15  0.1648E-15  0.8056E-16
  0.1176E-14  0.1330E-14  0.5800E-15  0.2824E-15  0.1520E-15
  0.1146E-14  0.1555E-14  0.8276E-15  0.4376E-15  0.2493E-15
  0.1115E-14  0.1670E-14  0.1074E-14  0.6224E-15  0.3793E-15
  0.1083E-14  0.1680E-14  0.1314E-14  0.8192E-15  0.5259E-15
  0.1053E-14  0.1638E-14  0.1501E-14  0.1040E-14  0.6912E-15
  0.1024E-14  0.1569E-14  0.1614E-14  0.1242E-14  0.8815E-15
  0.9974E-15  0.1491E-14  0.1668E-14  0.1410E-14  0.1062E-14
  0.9722E-15  0.1419E-14  0.1665E-14  0.1548E-14  0.1236E-14
  0.9488E-15  0.1350E-14  0.1638E-14  0.1630E-14  0.1401E-14
  0.9269E-15  0.1287E-14  0.1583E-14  0.1660E-14  0.1521E-14
  0.9064E-15  0.1230E-14  0.1520E-14  0.1663E-14  0.1605E-14
 
 C10   N2    Excitation    1.17 eV                               
  0.4032E-17   0.000       0.000       0.000       0.000    
  0.2132E-14  0.1641E-26  0.7295E-31   0.000       0.000    
  0.2092E-14  0.1083E-21  0.7324E-24  0.2819E-25  0.1095E-26
  0.1291E-14  0.1235E-18  0.6954E-21  0.1813E-22  0.2228E-23
  0.9340E-15  0.4284E-17  0.9735E-19  0.4595E-20  0.3363E-21
  0.8701E-15  0.3256E-16  0.1809E-17  0.1665E-18  0.2087E-19
  0.8599E-15  0.1135E-15  0.1228E-16  0.1746E-17  0.3215E-18
  0.8489E-15  0.2620E-15  0.4325E-16  0.9252E-17  0.2183E-17
  0.8335E-15  0.4703E-15  0.1060E-15  0.2943E-16  0.9226E-17
  0.8148E-15  0.6986E-15  0.2061E-15  0.6895E-16  0.2583E-16
  0.7941E-15  0.8842E-15  0.3470E-15  0.1335E-15  0.5635E-16
  0.7726E-15  0.1003E-14  0.5069E-15  0.2272E-15  0.1067E-15
  0.7511E-15  0.1048E-14  0.6776E-15  0.3402E-15  0.1763E-15
  0.7302E-15  0.1048E-14  0.8283E-15  0.4801E-15  0.2640E-15
  0.7103E-15  0.1024E-14  0.9346E-15  0.6204E-15  0.3765E-15
  0.6917E-15  0.9863E-15  0.1003E-14  0.7497E-15  0.4935E-15
  0.6742E-15  0.9479E-15  0.1031E-14  0.8654E-15  0.6165E-15
  0.6580E-15  0.9084E-15  0.1035E-14  0.9463E-15  0.7376E-15
  0.6428E-15  0.8714E-15  0.1019E-14  0.9962E-15  0.8388E-15
  0.6286E-15  0.8362E-15  0.9916E-15  0.1023E-14  0.9185E-15
 
 C11   N2    Excitation    1.47 eV                               
  0.1922E-17   0.000       0.000       0.000       0.000    
  0.1645E-14  0.1057E-28   0.000       0.000       0.000    
  0.1764E-14  0.6523E-23  0.6958E-25  0.1308E-26   0.000    
  0.1100E-14  0.2267E-19  0.3380E-22  0.1895E-23  0.2564E-24
  0.7967E-15  0.1573E-17  0.1620E-19  0.3024E-21  0.1690E-22
  0.7404E-15  0.1552E-16  0.5725E-18  0.3147E-19  0.2142E-20
  0.7309E-15  0.6257E-16  0.5185E-17  0.5451E-18  0.7098E-19
  0.7212E-15  0.1603E-15  0.2118E-16  0.3763E-17  0.7059E-18
  0.7083E-15  0.3115E-15  0.5758E-16  0.1374E-16  0.3741E-17
  0.6927E-15  0.4911E-15  0.1218E-15  0.3552E-16  0.1186E-16
  0.6754E-15  0.6508E-15  0.2189E-15  0.7460E-16  0.2835E-16
  0.6574E-15  0.7631E-15  0.3384E-15  0.1353E-15  0.5781E-16
  0.6394E-15  0.8187E-15  0.4717E-15  0.2144E-15  0.1017E-15
  0.6218E-15  0.8348E-15  0.5991E-15  0.3163E-15  0.1607E-15
  0.6051E-15  0.8261E-15  0.6950E-15  0.4261E-15  0.2399E-15
  0.5893E-15  0.8054E-15  0.7635E-15  0.5306E-15  0.3268E-15
  0.5745E-15  0.7803E-15  0.8012E-15  0.6316E-15  0.4218E-15
  0.5607E-15  0.7523E-15  0.8163E-15  0.7066E-15  0.5204E-15
  0.5479E-15  0.7254E-15  0.8132E-15  0.7578E-15  0.6054E-15
  0.5358E-15  0.6989E-15  0.8002E-15  0.7912E-15  0.6797E-15
 
 C12   N2    Excitation    1.76 eV                               
  0.2392E-18   0.000       0.000       0.000       0.000    
  0.1273E-14   0.000       0.000       0.000       0.000    
  0.1517E-14  0.6012E-26  0.8438E-29  0.7971E-32   0.000    
  0.9493E-15  0.7797E-22  0.3725E-25  0.9973E-27  0.7141E-28
  0.6875E-15  0.6100E-19  0.4325E-22  0.2840E-24  0.1822E-25
  0.6378E-15  0.2171E-17  0.1161E-19  0.1158E-21  0.2410E-23
  0.6290E-15  0.1681E-16  0.4034E-18  0.1047E-19  0.4070E-21
  0.6206E-15  0.6379E-16  0.3373E-17  0.2428E-18  0.1561E-19
  0.6096E-15  0.1593E-15  0.1455E-16  0.1749E-17  0.2399E-18
  0.5964E-15  0.2944E-15  0.4297E-16  0.7167E-17  0.1389E-17
  0.5818E-15  0.4346E-15  0.9643E-16  0.2119E-16  0.5158E-17
  0.5665E-15  0.5459E-15  0.1769E-15  0.4909E-16  0.1447E-16
  0.5511E-15  0.6154E-15  0.2761E-15  0.9424E-16  0.3295E-16
  0.5361E-15  0.6499E-15  0.3844E-15  0.1594E-15  0.6284E-16
  0.5217E-15  0.6575E-15  0.4747E-15  0.2407E-15  0.1094E-15
  0.5081E-15  0.6532E-15  0.5462E-15  0.3239E-15  0.1673E-15
  0.4954E-15  0.6413E-15  0.5971E-15  0.4132E-15  0.2360E-15
  0.4836E-15  0.6234E-15  0.6245E-15  0.4873E-15  0.3158E-15
  0.4725E-15  0.6061E-15  0.6351E-15  0.5409E-15  0.3866E-15
  0.4621E-15  0.5874E-15  0.6374E-15  0.5846E-15  0.4597E-15
 
 C13   N2    Excitation    2.06 eV                               
  0.2488E-19   0.000       0.000       0.000       0.000    
  0.5565E-15   0.000       0.000       0.000       0.000    
  0.8306E-15  0.8561E-28  0.4533E-31   0.000       0.000    
  0.5322E-15  0.1832E-23  0.5140E-27  0.1298E-28  0.5540E-30
  0.3863E-15  0.4217E-20  0.9319E-24  0.4201E-26  0.2515E-27
  0.3568E-15  0.3103E-18  0.5877E-21  0.2822E-23  0.3929E-25
  0.3510E-15  0.3653E-17  0.4114E-19  0.5181E-21  0.1185E-22
  0.3461E-15  0.1841E-16  0.5238E-18  0.2252E-19  0.8286E-21
  0.3401E-15  0.5579E-16  0.3084E-17  0.2381E-18  0.2204E-19
  0.3329E-15  0.1176E-15  0.1139E-16  0.1307E-17  0.1823E-18
  0.3251E-15  0.1904E-15  0.3035E-16  0.4848E-17  0.8755E-18
  0.3168E-15  0.2548E-15  0.6330E-16  0.1337E-16  0.3067E-17
  0.3085E-15  0.3004E-15  0.1088E-15  0.2959E-16  0.8225E-17
  0.3003E-15  0.3277E-15  0.1629E-15  0.5567E-16  0.1814E-16
  0.2924E-15  0.3393E-15  0.2130E-15  0.9176E-16  0.3517E-16
  0.2849E-15  0.3428E-15  0.2558E-15  0.1323E-15  0.5916E-16
  0.2779E-15  0.3411E-15  0.2889E-15  0.1781E-15  0.8972E-16
  0.2713E-15  0.3347E-15  0.3104E-15  0.2198E-15  0.1278E-15
  0.2651E-15  0.3278E-15  0.3218E-15  0.2521E-15  0.1643E-15
  0.2593E-15  0.3198E-15  0.3284E-15  0.2805E-15  0.2036E-15
 
 C14   N2    Excitation    2.35 eV                               
  0.1060E-20   0.000       0.000       0.000       0.000    
  0.2023E-15   0.000       0.000       0.000       0.000    
  0.3960E-15  0.1317E-31   0.000       0.000       0.000    
  0.2601E-15  0.5419E-26  0.2729E-30   0.000       0.000    
  0.1893E-15  0.1417E-21  0.2229E-26  0.3088E-29  0.1218E-30
  0.1741E-15  0.3384E-19  0.1095E-22  0.9545E-26  0.4140E-28
  0.1709E-15  0.6970E-18  0.2738E-20  0.9311E-23  0.6379E-25
  0.1684E-15  0.4886E-17  0.6536E-19  0.1284E-20  0.1725E-22
  0.1654E-15  0.1808E-16  0.5730E-18  0.2470E-19  0.1258E-20
  0.1621E-15  0.4333E-16  0.2762E-17  0.2024E-18  0.1778E-19
  0.1584E-15  0.7615E-16  0.8875E-17  0.9907E-18  0.1244E-18
  0.1545E-15  0.1076E-15  0.2102E-16  0.3357E-17  0.5712E-18
  0.1506E-15  0.1318E-15  0.3963E-16  0.8622E-17  0.1876E-17
  0.1467E-15  0.1473E-15  0.6340E-16  0.1809E-16  0.4843E-17
  0.1429E-15  0.1555E-15  0.8699E-16  0.3245E-16  0.1053E-16
  0.1393E-15  0.1592E-15  0.1085E-15  0.4974E-16  0.1945E-16
  0.1359E-15  0.1599E-15  0.1257E-15  0.7045E-16  0.3163E-16
  0.1327E-15  0.1583E-15  0.1381E-15  0.9002E-16  0.4762E-16
  0.1297E-15  0.1558E-15  0.1455E-15  0.1066E-15  0.6416E-16
  0.1269E-15  0.1527E-15  0.1501E-15  0.1211E-15  0.8208E-16
 
 C15   N2    Excitation    6.17 eV                               
   0.000       0.000       0.000       0.000       0.000    
   0.000       0.000       0.000       0.000       0.000    
  0.3155E-19   0.000       0.000       0.000       0.000    
  0.3469E-17   0.000       0.000       0.000       0.000    
  0.1621E-16   0.000       0.000       0.000       0.000    
  0.2471E-16  0.1056E-22   0.000       0.000       0.000    
  0.2897E-16  0.1623E-20  0.2757E-24   0.000       0.000    
  0.3225E-16  0.3676E-19  0.5406E-22  0.1067E-24   0.000    
  0.3538E-16  0.2939E-18  0.1769E-20  0.1413E-22  0.1235E-24
  0.3856E-16  0.1227E-17  0.2097E-19  0.4133E-21  0.9611E-23
  0.4185E-16  0.3299E-17  0.1289E-18  0.5040E-20  0.2174E-21
  0.4523E-16  0.6595E-17  0.5019E-18  0.3362E-19  0.2367E-20
  0.4868E-16  0.1079E-16  0.1418E-17  0.1458E-18  0.1525E-19
  0.5218E-16  0.1545E-16  0.3151E-17  0.4678E-18  0.6654E-19
  0.5569E-16  0.2027E-16  0.5744E-17  0.1195E-17  0.2214E-18
  0.5921E-16  0.2517E-16  0.9172E-17  0.2470E-17  0.5904E-18
  0.6271E-16  0.3004E-16  0.1323E-16  0.4558E-17  0.1295E-17
  0.6618E-16  0.3484E-16  0.1765E-16  0.7315E-17  0.2560E-17
  0.6962E-16  0.3959E-16  0.2227E-16  0.1069E-16  0.4375E-17
  0.7301E-16  0.4430E-16  0.2698E-16  0.1463E-16  0.6934E-17
 
 C16   N2    Excitation    7.00 eV                               
   0.000       0.000       0.000       0.000       0.000    
   0.000       0.000       0.000       0.000       0.000    
  0.9600E-20   0.000       0.000       0.000       0.000    
  0.7126E-17   0.000       0.000       0.000       0.000    
  0.5227E-16   0.000       0.000       0.000       0.000    
  0.8739E-16  0.1934E-22   0.000       0.000       0.000    
  0.1057E-15  0.3676E-20  0.5224E-24   0.000       0.000    
  0.1198E-15  0.9619E-19  0.1219E-21  0.2176E-24   0.000    
  0.1332E-15  0.8515E-18  0.4527E-20  0.3319E-22  0.2720E-24
  0.1468E-15  0.3827E-17  0.5894E-19  0.1081E-20  0.2377E-22
  0.1608E-15  0.1086E-16  0.3892E-18  0.1431E-19  0.5886E-21
  0.1752E-15  0.2261E-16  0.1601E-17  0.1018E-18  0.6882E-20
  0.1899E-15  0.3816E-16  0.4718E-17  0.4643E-18  0.4692E-19
  0.2049E-15  0.5598E-16  0.1085E-16  0.1551E-17  0.2141E-18
  0.2200E-15  0.7485E-16  0.2031E-16  0.4092E-17  0.7386E-18
  0.2351E-15  0.9445E-16  0.3315E-16  0.8680E-17  0.2030E-17
  0.2502E-15  0.1142E-15  0.4869E-16  0.1637E-16  0.4564E-17
  0.2652E-15  0.1340E-15  0.6597E-16  0.2676E-16  0.9207E-17
  0.2801E-15  0.1537E-15  0.8432E-16  0.3974E-16  0.1602E-16
  0.2948E-15  0.1735E-15  0.1034E-15  0.5510E-16  0.2577E-16
 
 C17   N2    Excitation    7.35 eV                               
   0.000       0.000       0.000       0.000       0.000    
   0.000       0.000       0.000       0.000       0.000    
  0.1764E-19   0.000       0.000       0.000       0.000    
  0.2843E-16   0.000       0.000       0.000       0.000    
  0.2227E-15   0.000       0.000       0.000       0.000    
  0.3741E-15  0.7522E-22   0.000       0.000       0.000    
  0.4513E-15  0.1494E-19  0.2049E-23   0.000       0.000    
  0.5087E-15  0.3998E-18  0.4950E-21  0.8673E-24   0.000    
  0.5614E-15  0.3581E-17  0.1875E-19  0.1357E-21  0.1100E-23
  0.6132E-15  0.1619E-16  0.2470E-18  0.4491E-20  0.9796E-22
  0.6648E-15  0.4599E-16  0.1642E-17  0.6004E-19  0.2455E-20
  0.7163E-15  0.9555E-16  0.6771E-17  0.4294E-18  0.2892E-19
  0.7673E-15  0.1605E-15  0.1995E-16  0.1962E-17  0.1979E-18
  0.8175E-15  0.2339E-15  0.4572E-16  0.6549E-17  0.9040E-18
  0.8664E-15  0.3100E-15  0.8521E-16  0.1724E-16  0.3115E-17
  0.9141E-15  0.3872E-15  0.1381E-15  0.3639E-16  0.8530E-17
  0.9602E-15  0.4629E-15  0.2012E-15  0.6821E-16  0.1908E-16
  0.1005E-14  0.5363E-15  0.2698E-15  0.1106E-15  0.3824E-16
  0.1048E-14  0.6073E-15  0.3411E-15  0.1627E-15  0.6597E-16
  0.1089E-14  0.6760E-15  0.4130E-15  0.2232E-15  0.1051E-15
 
 C18   N2    Excitation    7.36 eV                               
   0.000       0.000       0.000       0.000       0.000    
   0.000       0.000       0.000       0.000       0.000    
  0.1327E-20   0.000       0.000       0.000       0.000    
  0.8963E-17   0.000       0.000       0.000       0.000    
  0.1015E-15   0.000       0.000       0.000       0.000    
  0.1864E-15  0.2053E-22   0.000       0.000       0.000    
  0.2349E-15  0.5027E-20  0.5818E-24   0.000       0.000    
  0.2740E-15  0.1538E-18  0.1666E-21  0.2665E-24   0.000    
  0.3123E-15  0.1513E-17  0.7095E-20  0.4774E-22  0.3658E-24
  0.3523E-15  0.7336E-17  0.1019E-18  0.1742E-20  0.3631E-22
  0.3946E-15  0.2207E-16  0.7241E-18  0.2510E-19  0.9874E-21
  0.4394E-15  0.4813E-16  0.3155E-17  0.1907E-18  0.1242E-19
  0.4861E-15  0.8450E-16  0.9750E-17  0.9172E-18  0.8970E-19
  0.5346E-15  0.1282E-15  0.2332E-16  0.3202E-17  0.4294E-18
  0.5844E-15  0.1767E-15  0.4523E-16  0.8777E-17  0.1543E-17
  0.6350E-15  0.2293E-15  0.7615E-16  0.1925E-16  0.4394E-17
  0.6862E-15  0.2844E-15  0.1151E-15  0.3743E-16  0.1020E-16
  0.7377E-15  0.3414E-15  0.1600E-15  0.6290E-16  0.2118E-16
  0.7892E-15  0.4003E-15  0.2096E-15  0.9583E-16  0.3785E-16
  0.8407E-15  0.4608E-15  0.2628E-15  0.1361E-15  0.6243E-16
 
 C19   N2    Excitation    7.80 eV                               
   0.000       0.000       0.000       0.000       0.000    
   0.000       0.000       0.000       0.000       0.000    
  0.1751E-21   0.000       0.000       0.000       0.000    
  0.2063E-17   0.000       0.000       0.000       0.000    
  0.2992E-16   0.000       0.000       0.000       0.000    
  0.5902E-16  0.4384E-23   0.000       0.000       0.000    
  0.7634E-16  0.1192E-20  0.1265E-24   0.000       0.000    
  0.9017E-16  0.3989E-19  0.3961E-22  0.6011E-25   0.000    
  0.1034E-15  0.4210E-18  0.1822E-20  0.1170E-22  0.8675E-25
  0.1168E-15  0.2152E-17  0.2789E-19  0.4565E-21  0.9244E-23
  0.1308E-15  0.6723E-17  0.2084E-18  0.6955E-20  0.2665E-21
  0.1451E-15  0.1506E-16  0.9435E-18  0.5523E-19  0.3515E-20
  0.1599E-15  0.2690E-16  0.2999E-17  0.2749E-18  0.2637E-19
  0.1749E-15  0.4127E-16  0.7321E-17  0.9847E-18  0.1300E-18
  0.1901E-15  0.5722E-16  0.1440E-16  0.2751E-17  0.4777E-18
  0.2054E-15  0.7439E-16  0.2446E-16  0.6115E-17  0.1382E-17
  0.2206E-15  0.9226E-16  0.3714E-16  0.1199E-16  0.3246E-17
  0.2358E-15  0.1105E-15  0.5176E-16  0.2026E-16  0.6791E-17
  0.2509E-15  0.1292E-15  0.6778E-16  0.3094E-16  0.1219E-16
  0.2659E-15  0.1481E-15  0.8483E-16  0.4397E-16  0.2014E-16
 
 C20   N2    Excitation    8.16 eV                               
   0.000       0.000       0.000       0.000       0.000    
   0.000       0.000       0.000       0.000       0.000    
  0.5224E-22   0.000       0.000       0.000       0.000    
  0.1692E-17   0.000       0.000       0.000       0.000    
  0.2551E-16   0.000       0.000       0.000       0.000    
  0.5073E-16  0.3460E-23   0.000       0.000       0.000    
  0.6639E-16  0.9900E-21  0.1011E-24   0.000       0.000    
  0.7952E-16  0.3370E-19  0.3289E-22  0.4900E-25   0.000    
  0.9262E-16  0.3589E-18  0.1537E-20  0.9774E-23  0.7175E-25
  0.1064E-15  0.1851E-17  0.2372E-19  0.3859E-21  0.7773E-23
  0.1211E-15  0.5843E-17  0.1787E-18  0.5927E-20  0.2262E-21
  0.1366E-15  0.1325E-16  0.8163E-18  0.4743E-19  0.3005E-20
  0.1527E-15  0.2400E-16  0.2622E-17  0.2382E-18  0.2274E-19
  0.1692E-15  0.3737E-16  0.6480E-17  0.8620E-18  0.1131E-18
  0.1859E-15  0.5259E-16  0.1291E-16  0.2436E-17  0.4202E-18
  0.2028E-15  0.6937E-16  0.2223E-16  0.5483E-17  0.1230E-17
  0.2195E-15  0.8719E-16  0.3422E-16  0.1089E-16  0.2924E-17
  0.2361E-15  0.1057E-15  0.4832E-16  0.1864E-16  0.6194E-17
  0.2524E-15  0.1249E-15  0.6404E-16  0.2883E-16  0.1125E-16
  0.2685E-15  0.1445E-15  0.8105E-16  0.4144E-16  0.1882E-16
 
 C21   N2    Excitation    8.40 eV                               
   0.000       0.000       0.000       0.000       0.000    
   0.000       0.000       0.000       0.000       0.000    
  0.1006E-22   0.000       0.000       0.000       0.000    
  0.9523E-18   0.000       0.000       0.000       0.000    
  0.1800E-16   0.000       0.000       0.000       0.000    
  0.3770E-16  0.1744E-23   0.000       0.000       0.000    
  0.5045E-16  0.5768E-21  0.5247E-25   0.000       0.000    
  0.6131E-16  0.2151E-19  0.1921E-22  0.2685E-25   0.000    
  0.7221E-16  0.2435E-18  0.9722E-21  0.5901E-23  0.4175E-25
  0.8372E-16  0.1311E-17  0.1588E-19  0.2488E-21  0.4876E-23
  0.9595E-16  0.4270E-17  0.1247E-18  0.4009E-20  0.1496E-21
  0.1088E-15  0.9910E-17  0.5879E-18  0.3328E-19  0.2070E-20
  0.1222E-15  0.1827E-16  0.1935E-17  0.1719E-18  0.1616E-19
  0.1358E-15  0.2885E-16  0.4873E-17  0.6364E-18  0.8245E-19
  0.1496E-15  0.4103E-16  0.9854E-17  0.1831E-17  0.3123E-18
  0.1634E-15  0.5456E-16  0.1717E-16  0.4181E-17  0.9291E-18
  0.1770E-15  0.6900E-16  0.2668E-16  0.8403E-17  0.2237E-17
  0.1904E-15  0.8407E-16  0.3796E-16  0.1451E-16  0.4790E-17
  0.2036E-15  0.9963E-16  0.5060E-16  0.2261E-16  0.8776E-17
  0.2164E-15  0.1155E-15  0.6432E-16  0.3269E-16  0.1478E-16
 
 C22   N2    Excitation    8.55 eV                               
   0.000       0.000       0.000       0.000       0.000    
   0.000       0.000       0.000       0.000       0.000    
  0.9309E-23   0.000       0.000       0.000       0.000    
  0.1727E-17   0.000       0.000       0.000       0.000    
  0.3687E-16   0.000       0.000       0.000       0.000    
  0.7926E-16  0.2961E-23   0.000       0.000       0.000    
  0.1072E-15  0.1066E-20  0.9069E-25   0.000       0.000    
  0.1313E-15  0.4183E-19  0.3559E-22  0.4789E-25   0.000    
  0.1557E-15  0.4893E-18  0.1882E-20  0.1114E-22  0.7717E-25
  0.1818E-15  0.2694E-17  0.3169E-19  0.4866E-21  0.9401E-23
  0.2099E-15  0.8916E-17  0.2543E-18  0.8045E-20  0.2968E-21
  0.2400E-15  0.2096E-16  0.1218E-17  0.6808E-19  0.4195E-20
  0.2721E-15  0.3906E-16  0.4063E-17  0.3569E-18  0.3329E-19
  0.3058E-15  0.6230E-16  0.1034E-16  0.1337E-17  0.1720E-18
  0.3408E-15  0.8954E-16  0.2113E-16  0.3887E-17  0.6588E-18
  0.3770E-15  0.1204E-15  0.3720E-16  0.8964E-17  0.1980E-17
  0.4141E-15  0.1542E-15  0.5843E-16  0.1820E-16  0.4813E-17
  0.4520E-15  0.1904E-15  0.8410E-16  0.3176E-16  0.1041E-16
  0.4904E-15  0.2290E-15  0.1136E-15  0.5006E-16  0.1928E-16
  0.5294E-15  0.2698E-15  0.1464E-15  0.7334E-16  0.3286E-16
 
 C23   N2    Excitation    8.89 eV                               
   0.000       0.000       0.000       0.000       0.000    
   0.000       0.000       0.000       0.000       0.000    
  0.5047E-24   0.000       0.000       0.000       0.000    
  0.6554E-18   0.000       0.000       0.000       0.000    
  0.2063E-16   0.000       0.000       0.000       0.000    
  0.4804E-16  0.9092E-24   0.000       0.000       0.000    
  0.6693E-16  0.4312E-21  0.2946E-25   0.000       0.000    
  0.8309E-16  0.1994E-19  0.1451E-22  0.1708E-25   0.000    
  0.9900E-16  0.2586E-18  0.8851E-21  0.4834E-23  0.3125E-25
  0.1154E-15  0.1521E-17  0.1640E-19  0.2368E-21  0.4378E-23
  0.1323E-15  0.5251E-17  0.1405E-18  0.4241E-20  0.1512E-21
  0.1496E-15  0.1267E-16  0.7040E-18  0.3796E-19  0.2278E-20
  0.1672E-15  0.2394E-16  0.2417E-17  0.2069E-18  0.1891E-19
  0.1847E-15  0.3837E-16  0.6268E-17  0.7959E-18  0.1009E-18
  0.2021E-15  0.5502E-16  0.1292E-16  0.2352E-17  0.3947E-18
  0.2192E-15  0.7341E-16  0.2280E-16  0.5471E-17  0.1201E-17
  0.2358E-15  0.9283E-16  0.3567E-16  0.1113E-16  0.2938E-17
  0.2519E-15  0.1128E-15  0.5088E-16  0.1935E-16  0.6353E-17
  0.2676E-15  0.1332E-15  0.6783E-16  0.3025E-16  0.1171E-16
  0.2827E-15  0.1537E-15  0.8604E-16  0.4375E-16  0.1976E-16
 
 C24   N2    Excitation    11.03 eV                              
   0.000       0.000       0.000       0.000       0.000    
   0.000       0.000       0.000       0.000       0.000    
  0.5820E-32   0.000       0.000       0.000       0.000    
  0.5183E-20   0.000       0.000       0.000       0.000    
  0.2249E-17   0.000       0.000       0.000       0.000    
  0.1343E-16  0.1852E-26   0.000       0.000       0.000    
  0.3474E-16  0.8819E-23   0.000       0.000       0.000    
  0.6954E-16  0.1530E-20  0.3383E-24   0.000       0.000    
  0.1208E-15  0.4932E-19  0.6534E-22  0.1954E-24   0.000    
  0.1897E-15  0.5660E-18  0.2792E-20  0.2454E-22  0.3282E-24
  0.2755E-15  0.3258E-17  0.4512E-19  0.8947E-21  0.2426E-22
  0.3764E-15  0.1173E-16  0.3718E-18  0.1397E-19  0.6625E-21
  0.4895E-15  0.3053E-16  0.1901E-17  0.1189E-18  0.8849E-20
  0.6121E-15  0.6338E-16  0.6814E-17  0.6573E-18  0.6958E-19
  0.7414E-15  0.1123E-15  0.1834E-16  0.2622E-17  0.3750E-18
  0.8754E-15  0.1786E-15  0.4040E-16  0.7830E-17  0.1492E-17
  0.1012E-14  0.2615E-15  0.7615E-16  0.1966E-16  0.4574E-17
  0.1149E-14  0.3596E-15  0.1272E-15  0.4090E-16  0.1199E-16
  0.1287E-14  0.4713E-15  0.1940E-15  0.7452E-16  0.2607E-16
  0.1424E-14  0.5950E-15  0.2763E-15  0.1230E-15  0.5074E-16
 
 C25   N2    Excitation    11.87 eV                              
   0.000       0.000       0.000       0.000       0.000    
   0.000       0.000       0.000       0.000       0.000    
   0.000       0.000       0.000       0.000       0.000    
  0.1425E-21   0.000       0.000       0.000       0.000    
  0.1897E-18   0.000       0.000       0.000       0.000    
  0.1333E-17   0.000       0.000       0.000       0.000    
  0.3005E-17  0.6564E-24   0.000       0.000       0.000    
  0.4781E-17  0.1356E-21  0.2617E-25   0.000       0.000    
  0.6531E-17  0.4234E-20  0.5733E-23  0.1640E-25   0.000    
  0.8222E-17  0.4269E-19  0.2381E-21  0.2149E-23  0.2871E-25
  0.9838E-17  0.2075E-18  0.3451E-20  0.7369E-22  0.2063E-23
  0.1138E-16  0.6245E-18  0.2456E-19  0.1024E-20  0.5125E-22
  0.1285E-16  0.1365E-17  0.1070E-18  0.7555E-20  0.6021E-21
  0.1424E-16  0.2410E-17  0.3269E-18  0.3592E-19  0.4104E-20
  0.1557E-16  0.3684E-17  0.7552E-18  0.1233E-18  0.1912E-19
  0.1684E-16  0.5129E-17  0.1442E-17  0.3189E-18  0.6593E-19
  0.1805E-16  0.6668E-17  0.2384E-17  0.6996E-18  0.1765E-18
  0.1922E-16  0.8252E-17  0.3533E-17  0.1284E-17  0.4073E-18
  0.2035E-16  0.9856E-17  0.4837E-17  0.2085E-17  0.7867E-18
  0.2145E-16  0.1146E-16  0.6249E-17  0.3100E-17  0.1374E-17
 
 C26   N2    Excitation    12.25 eV                              
   0.000       0.000       0.000       0.000       0.000    
   0.000       0.000       0.000       0.000       0.000    
   0.000       0.000       0.000       0.000       0.000    
  0.2457E-24   0.000       0.000       0.000       0.000    
  0.2035E-20   0.000       0.000       0.000       0.000    
  0.4044E-19   0.000       0.000       0.000       0.000    
  0.1863E-18  0.9917E-26   0.000       0.000       0.000    
  0.5097E-18  0.4130E-23  0.4608E-27   0.000       0.000    
  0.1075E-17  0.2227E-21  0.1852E-24  0.3950E-27   0.000    
  0.1939E-17  0.3525E-20  0.1246E-22  0.8618E-25  0.9728E-27
  0.3142E-17  0.2521E-19  0.2716E-21  0.4504E-23  0.1078E-24
  0.4712E-17  0.1065E-18  0.2760E-20  0.9013E-22  0.3882E-23
  0.6659E-17  0.3149E-18  0.1653E-19  0.9203E-21  0.6328E-22
  0.8983E-17  0.7288E-18  0.6734E-19  0.5868E-20  0.5801E-21
  0.1168E-16  0.1423E-17  0.2024E-18  0.2637E-19  0.3545E-20
  0.1473E-16  0.2471E-17  0.4920E-18  0.8746E-19  0.1572E-19
  0.1812E-16  0.3927E-17  0.1016E-17  0.2417E-18  0.5319E-19
  0.2184E-16  0.5830E-17  0.1847E-17  0.5498E-18  0.1528E-18
  0.2587E-16  0.8212E-17  0.3052E-17  0.1090E-17  0.3622E-18
  0.3020E-16  0.1110E-16  0.4689E-17  0.1950E-17  0.7659E-18
 
 C27   N2    Excitation    13.00 eV                              
   0.000       0.000       0.000       0.000       0.000    
   0.000       0.000       0.000       0.000       0.000    
   0.000       0.000       0.000       0.000       0.000    
  0.3628E-26   0.000       0.000       0.000       0.000    
  0.5127E-21   0.000       0.000       0.000       0.000    
  0.3647E-19   0.000       0.000       0.000       0.000    
  0.3373E-18  0.3896E-26   0.000       0.000       0.000    
  0.1422E-17  0.4208E-23  0.1649E-27   0.000       0.000    
  0.4014E-17  0.3821E-21  0.2006E-24  0.2642E-27   0.000    
  0.8896E-17  0.8797E-20  0.2148E-22  0.1154E-24  0.1044E-26
  0.1681E-16  0.8331E-19  0.6592E-21  0.8867E-23  0.1835E-24
  0.2842E-16  0.4373E-18  0.8742E-20  0.2386E-21  0.9072E-23
  0.4423E-16  0.1536E-17  0.6475E-19  0.3087E-20  0.1903E-21
  0.6470E-16  0.4084E-17  0.3136E-18  0.2389E-19  0.2145E-20
  0.9015E-16  0.8947E-17  0.1088E-17  0.1261E-18  0.1557E-19
  0.1209E-15  0.1712E-16  0.2985E-17  0.4794E-18  0.7995E-19
  0.1573E-15  0.2960E-16  0.6835E-17  0.1490E-17  0.3069E-18
  0.1994E-15  0.4730E-16  0.1361E-16  0.3753E-17  0.9845E-18
  0.2477E-15  0.7118E-16  0.2435E-16  0.8142E-17  0.2572E-17
  0.3024E-15  0.1021E-15  0.4021E-16  0.1579E-16  0.5935E-17
 
 C28   N2    Ionization    15.60 eV                              
   0.000       0.000       0.000       0.000       0.000    
   0.000       0.000       0.000       0.000       0.000    
   0.000       0.000       0.000       0.000       0.000    
  0.3048E-41   0.000       0.000       0.000       0.000    
   0.000       0.000       0.000       0.000       0.000    
  0.1001E-24   0.000       0.000       0.000       0.000    
  0.2857E-22   0.000       0.000       0.000       0.000    
  0.9479E-21   0.000       0.000       0.000       0.000    
  0.1023E-19  0.1016E-24   0.000       0.000       0.000    
  0.5735E-19  0.1143E-22  0.6294E-26   0.000       0.000    
  0.2126E-18  0.3209E-21  0.9932E-24  0.5442E-26   0.000    
  0.5976E-18  0.3756E-20  0.3656E-22  0.5595E-24  0.1289E-25
  0.1384E-17  0.2430E-19  0.5819E-21  0.1768E-22  0.7635E-24
  0.2784E-17  0.1038E-18  0.5104E-20  0.2712E-21  0.1832E-22
  0.5037E-17  0.3316E-18  0.2834E-19  0.2460E-20  0.2417E-21
  0.8406E-17  0.8624E-18  0.1137E-18  0.1445E-19  0.2003E-20
  0.1316E-16  0.1920E-17  0.3549E-18  0.6409E-19  0.1136E-19
  0.1960E-16  0.3796E-17  0.9137E-18  0.2169E-18  0.5034E-19
  0.2800E-16  0.6845E-17  0.2030E-17  0.6010E-18  0.1722E-18
  0.3868E-16  0.1148E-16  0.4030E-17  0.1436E-17  0.4987E-18
